151
823
306
709
727
224
502
699
606
48
218
830
119
617
691
531
288
802
209
785
433
982
367
114
656
269
138
869
575
265
811
537
856
985
293
243
611
813
572
130
639
162
551
131
137
429
767
161
794
390
373
834
14
785
335
69
57
790
6
634
137
757
805
599
513
663
160
414
135
750
111
681
712
241
24
721
562
477
8
152
493
319
134
581
214
648
713
62
512
884
202
794
133
321
463
784
250
315
542
10
356
755
940
21
654
25
842
997
221
475
442
79
739
762
365
646
157
5
369
716
312
91
720
390
247
858
836
870
787
608
269
864
403
554
686
284
712
63
713
596
143
230
971
836
925
354
13
322
547
675
273
875
554
112
118
738
707
950
260
484
150
974
428
667
459
448
244
368
590
143
865
364
916
639
423
461
740
45
160
799
324
742
873
663
246
237
710
490
415
272
72
133
799
120
75
836
997
232
662
656
391
414
366
610
723
811
608
372
63
47
714
458
323
84
15
80
281
345
554
133
365
966
831
892
246
362
189
603
955
488
17
825
635
409
908
241
677
119
940
913
848
678
941
826
178
813
22
361
806
959
756
691
357
331
219
200
25
833
576
514
897
382
337
462
43
502
737
816
635
498
356
469
406
302
299
382
843
94
695
2
797
522
577
108
508
316
583
890
41
816
826
111
82
236
195
808
145
388
409
108
743
55
593
208
676
54
370
888
836
920
15
489
850
659
553
213
57
543
575
125
743
732
543
958
678
651
258
136
508
520
104
23
464
590
100
871
695
303
242
976
24
549
50
527
371
199
742
528
873
940
510
910
906
439
697
925
301
582
998
644
916
580
807
564
942
33
794
612
623
240
288
893
634
996
589
851
27
954
454
516
218
973
104
44
693
356
874
261
261
491
400
558
246
833
618
556
794
275
394
491
137
316
794
163
872
945
271
578
988
570
414
768
243
46
139
65
236
943
813
852
377
25
639
517
965
360
834
102
243
679
970
391
439
36
976
907
688
559
603
820
157
910
945
690
420
591
767
911
813
235
83
75
687
712
761
650
583
876
215
981
223
905
156
283
48
636
769
691
6
107
769
377
658
196
532
550
9
624
878
768
672
634
856
175
118
30
388
923
424
809
104
234
813
979
48
277
883
677
598
861
