9580
2788
965
5870
6636
872
9670
8186
8140
6597
5134
2620
5192
3145
7771
7365
6690
9882
9594
4514
4240
7497
7640
9228
2707
3783
5783
9286
5916
8806
4272
2130
8683
3579
6123
4176
8147
5677
5157
8674
3831
8616
5761
7833
1440
7833
3491
4147
464
3300
2525
8467
9343
1075
5833
6860
9608
1524
5740
9088
4519
123
5724
4815
8233
8896
4088
8473
2913
3550
9214
3782
168
9117
9918
9395
8880
1286
4576
1616
30
8588
1778
355
4389
5480
7033
7796
9070
5612
4087
9752
8790
1540
2889
4761
3631
5951
4540
6991
6334
7777
4326
3975
6338
4427
5726
4030
6923
1541
4347
8843
6563
9995
3809
8976
7569
9460
8865
2024
6971
5598
114
5368
1425
9370
9800
743
6395
9252
22
4778
4961
7377
8112
343
5665
7653
1531
6108
2108
1367
1354
9979
1913
1706
4480
9841
9612
8911
8819
6313
4381
9598
6294
6357
7969
169
9031
8160
7384
1477
6817
1591
8253
65
6137
8434
6299
1045
2766
7429
8780
1193
8534
83
9220
3620
6508
2334
4717
5001
9866
4000
4415
4652
8787
3669
4917
2298
2791
2039
7660
2272
2670
8827
6496
8750
8350
2712
5481
5916
4513
1006
7941
2830
489
6224
7809
3150
6367
6816
1680
4472
5156
4873
5880
5578
1764
9156
3243
5776
6964
8920
1265
2057
3704
5012
7473
6513
7472
916
996
5294
731
8524
629
1719
2187
1597
2853
5260
4500
7462
731
6091
7424
9257
6841
7462
7186
5856
4884
4017
6411
6060
9595
6427
8039
9541
5197
3377
4274
3907
9064
7437
969
9639
1582
8095
4165
7986
8603
3819
6751
5435
9799
9276
6318
71
1458
8280
3351
1698
6681
7939
5915
8365
9644
3615
3372
204
6296
9351
4620
831
38
2544
8918
2647
2306
7568
4637
4100
4460
2312
4266
8517
5352
1880
1897
6222
5144
1298
9467
5937
595
5530
9849
2298
299
2610
7560
8171
1990
6035
5442
8604
855
671
5734
2245
6004
8008
8189
2682
1945
5257
89
7550
4328
7992
4325
5862
5716
9073
1067
9304
9773
2329
4497
6083
2995
961
7658
1082
1776
883
6859
867
4034
4972
648
5642
9480
8623
5739
1654
2264
8903
565
2614
1407
7955
4016
7930
3264
3097
1918
9811
998
324
6058
5662
7783
1401
2451
2759
1010
9542
792
9584
7183
9965
4945
7333
7157
634
1233
5537
5749
9848
6233
30
938
7595
5854
1808
6444
1171
328
4847
9236
1372
5932
1584
2515
9805
9963
3910
1215
3941
8869
715
7277
3522
924
2180
5625
5574
3914
3504
2749
2858
9210
6620
9545
8457
1847
9958
7347
5442
8506
1727
6142
2703
5067
7245
4679
5488
6216
5377
2199
8826
1303
3070
4612
8072
5424
9127
9566
3072
4727
6235
4148
4458
6091
6992
4189
6290
8930
6037
4916
1216
2063
7411
6227
1761
7375
2046
9415
3550
780
3074
9141
1457
3307
4550
8985
112
8293
3933
5242
9505
91
7134
660
8459
5487
5523
4295
5454
3614
1843
3087
6362
7751
6213
5521
8350
8744
1545
8114
9154
1938
8329
2991
7851
8559
5222
905
5483
4902
9198
6644
7670
7549
670
6435
6481
3849
4678
907
5098
8976
8694
5810
5561
136
6913
1000
3007
2728
4149
7712
590
715
2064
9085
1593
4152
1044
1761
6823
4662
4079
1649
3551
8440
6253
7285
3163
4174
2653
7886
7748
7338
9769
8772
5423
7888
4334
4026
9979
3231
4678
8338
9139
8574
8082
7484
9070
9641
9760
4596
8308
8561
1962
3540
6431
3155
9589
9492
1080
5829
5757
5365
293
5641
3286
3459
6150
4194
9780
3656
5776
4990
5398
1744
3643
9941
4980
2510
1328
210
3932
5156
5737
7035
2816
6404
3419
5788
8156
6482
9828
2155
2938
2304
9826
3968
3846
2491
959
521
5356
8221
6529
5120
3001
884
6074
6763
8771
880
7701
7027
1470
4851
3162
8872
8077
651
8247
1069
7797
5984
4637
7879
8652
6133
3076
6918
5529
4249
3337
9305
3151
7050
364
746
2336
5289
3915
5250
8738
1895
8239
864
7562
3593
1351
2696
5587
6064
3397
7868
9942
4582
3610
2103
8185
8347
810
7213
9742
2811
8660
7577
6058
6329
8783
5750
91
418
387
8274
1114
584
8484
5978
4459
5767
3003
263
7210
3793
5479
8309
2015
8785
9757
8768
3994
1764
7243
4077
7213
5779
1002
1334
7594
7727
3877
2118
3307
8718
4992
8687
9834
6042
4602
1109
4100
371
5748
239
5682
4301
3939
1480
1396
6962
5687
3281
2669
1856
4200
5508
4660
7469
7932
9427
3766
7282
4301
7907
0
2930
5961
5907
537
6596
2396
8395
8359
2610
8835
1102
6365
9224
7782
4958
4450
9271
5060
8249
6910
650
6083
4038
1141
2895
9194
8968
4444
4753
9322
436
2310
4682
7262
3060
2742
3813
5524
5880
7170
3233
8709
1731
9854
2655
2018
1126
3213
5750
3615
8508
5475
8966
4729
1446
9513
5938
1316
2738
6915
995
1973
8868
5257
5807
4310
5815
2728
9686
1367
6397
8648
5862
115
8408
4908
3442
5699
6927
2946
2227
2071
8313
9893
8583
5406
5236
581
3115
6730
7514
6582
3534
4212
9231
3512
512
8186
7000
9791
5987
4651
2247
8594
275
3569
3372
8008
9197
7863
2739
985
627
2364
7708
3934
2498
6050
6801
6079
5768
21
8837
2445
1239
1736
5794
7496
5803
951
7632
1111
2176
5043
3389
8684
8078
7462
9369
7776
4744
258
9594
933
4568
4334
7642
9240
8649
2426
1663
8293
79
1877
5423
3683
2261
8512
9660
7688
8424
3896
641
5165
4020
5261
175
1690
8921
6619
7341
3958
1377
7475
2529
5963
9742
7688
4602
2313
63
5794
3699
1612
3733
2061
1242
2991
607
5674
7393
7489
8492
3416
5429
7896
7086
9720
8686
6918
6512
48
8662
4021
344
7985
6951
2241
1032
5754
1338
9159
2080
479
6882
2673
9745
189
5518
2751
8428
721
3773
6190
9042
1198
5360
7924
6880
7551
9850
3101
376
7572
9950
8772
7567
8172
8063
9259
6685
9664
4560
2510
5987
3871
7986
8342
1804
6978
3989
8734
7327
1908
9490
7810
9304
445
7708
6206
6039
47
5954
3278
5571
8095
2964
1520
6902
3947
6184
4680
4554
950
5296
9122
5872
2236
4161
9363
6133
1125
2532
4397
9012
4368
1110
605
4886
9106
7773
6280
2880
9066
4568
9661
8841
943
4596
4661
6399
7394
5572
460
3036
4978
3205
2563
2216
3943
1253
536
5784
3986
4580
48
1978
3647
6964
3568
355
5430
236
8026
866
8052
7993
7199
6543
7412
9897
8117
610
1104
8532
7258
6576
6991
3345
6256
9701
9614
6475
1658
2445
9550
5945
60
2297
6086
5122
4876
6059
1225
9628
296
4917
9687
8803
2566
4380
3260
9576
9590
9063
1391
525
7330
6423
9798
3464
8737
4743
4389
819
9903
6591
8930
5764
5476
3641
7699
7598
5634
4003
8355
832
1348
2001
7500
8740
1726
3492
2959
486
515
5211
6018
6303
239
8420
615
896
4216
9101
6997
720
1554
2238
8883
8064
5338
9057
663
8455
2680
116
6561
9753
1355
4247
6111
9736
4102
9602
4970
8990
1833
2535
5802
9479
4777
5631
4700
7274
5156
3257
4339
3781
5676
6253
8404
9570
9079
2108
9280
541
3221
8589
9322
7413
8838
7761
4457
6689
6203
3411
613
9052
7119
4357
8496
932
3181
9964
6622
9936
4093
7021
4419
1197
5925
4905
5562
8357
7665
3682
3848
2731
1646
6237
317
5623
4698
1551
3752
8405
9340
603
3681
322
1077
4358
3142
7067
4366
5603
1753
4885
5858
55
1347
4370
3920
6414
5166
4188
3201
7890
8174
9141
1783
8273
9884
1518
9100
571
4693
6215
1891
4012
2626
828
3016
7527
1422
6513
5278
823
5433
4000
7902
2711
5630
8429
9751
1668
8548
9992
4729
3304
638
9923
1114
5055
2796
3018
3024
478
5479
2413
9803
7501
6578
7937
5202
1348
5134
215
3571
3104
3324
1790
9624
7146
4215
1790
4617
3989
8619
3207
1942
6897
5879
9002
8489
7040
6071
3329
9324
6412
9452
4107
4136
1538
8544
8349
7866
5743
8815
8458
2081
108
3036
5707
865
2906
8034
1824
4069
5689
740
4326
1665
8308
4228
478
8464
6269
7829
9385
6801
2790
6637
8124
9214
887
1086
1197
9153
9197
4011
8163
7748
6985
9391
6163
5471
4435
8288
2036
9623
9331
7825
4258
3634
2230
8463
411
5568
435
2892
1355
1725
724
5281
6059
7879
9751
3723
5450
2758
4912
9325
5539
5218
1740
8016
4128
8517
8572
4227
5750
157
7193
4624
6683
6157
4817
1784
6045
1764
4669
8758
5097
4721
9645
4152
8821
5596
5198
9928
3031
3401
1034
5694
7648
3943
3666
1814
4356
3545
6086
6591
5737
8172
650
5935
8609
3713
887
917
9558
3481
9218
7649
6714
5772
8796
4269
142
875
3741
2860
9592
3055
120
5008
7058
9565
5738
7772
2062
1933
1780
212
5440
3941
9548
430
2590
6918
8393
7732
7681
1712
4295
6878
8760
3553
9278
8867
3632
5385
3389
2254
3500
1946
5356
46
5231
4648
7595
1746
127
8978
7246
9558
58
1680
2400
8367
7411
201
19
5600
4002
1433
9145
5410
8367
5732
6021
6306
4684
8804
2818
5309
4644
879
6908
7944
9860
1113
4244
2285
8238
8613
1215
8996
8594
9358
6146
3127
2845
6764
4378
8374
6564
7253
6697
1826
491
7882
2748
6155
9229
3039
9898
158
2439
2256
47
8441
913
2558
8395
3893
7596
1269
2389
7768
4440
5088
7741
503
4653
3242
1846
2745
3145
9694
3924
1125
5181
1976
4095
4055
9791
60
6665
8941
1778
9621
1577
8745
3409
2976
1878
4485
9707
9940
4657
7984
8734
1759
3200
1944
5538
4317
6000
3527
7767
9750
8725
6082
1064
8121
7488
9674
1239
9596
9595
7028
9979
4644
8899
2248
4197
4799
644
3165
2480
9166
7903
832
7102
1780
558
3040
5932
8289
2055
4233
3039
7202
5322
9600
6195
4876
4133
4389
5666
4723
6279
409
2757
3772
9655
8021
1
5725
7453
5851
3003
8948
4785
5560
3333
4136
4989
8891
7737
1737
7319
3562
2657
8021
6576
8529
7033
2098
4703
6766
1380
2668
8970
591
5539
9737
1788
4856
1996
9032
1709
7956
8365
2801
8956
9298
3155
2107
1326
7524
750
709
4202
9839
7203
5808
2760
3243
4049
2637
2798
4926
7329
7599
566
7733
2718
7667
6101
5747
6339
1743
1193
5379
4938
2470
6094
4775
2561
8357
1651
6017
9614
376
4945
6975
3682
3593
4120
5010
5733
2645
5958
1750
983
7199
2189
564
8235
9273
217
6470
8810
5717
3724
6516
2617
1387
9254
781
3582
4354
7808
2441
3128
1728
5662
8049
9678
1521
783
585
2448
6631
3116
1080
4590
1153
8478
1359
6412
4948
3778
4552
1516
9129
3070
7840
3838
5213
2130
111
1675
8733
5979
7746
7776
8130
3749
2570
3326
8112
256
3078
6155
4467
7876
3042
5948
1482
6143
4804
1895
9609
4314
4702
7907
485
2500
3895
5926
7792
9173
5321
4604
9399
9577
6335
2373
3559
6168
1765
7493
6285
2942
2769
9740
2889
8638
6899
1379
9925
7166
2251
9471
7588
1328
9677
2088
6935
8272
1255
3827
1847
900
6682
9315
4543
801
7836
2351
5433
9818
7592
2882
5778
8134
6247
1143
2408
2099
7376
3032
8146
2648
6795
2853
8656
1325
4051
6957
3623
630
7531
6987
297
482
1928
113
6012
1658
3251
4979
4479
7851
1964
7002
994
7334
2132
3388
8158
2137
4989
5562
4000
1118
4656
7924
2742
7578
1262
7949
8832
264
2608
8724
8040
320
1374
5454
4391
3232
5841
8532
5344
2848
4401
3884
9546
6927
5322
6719
4597
543
4339
8095
1099
5318
9199
2700
2390
3165
648
9741
4120
3246
5720
522
3479
4837
2675
1524
4377
1009
8646
648
5251
268
5969
5303
5325
3849
9939
3766
9742
914
19
9193
6146
8968
2828
9030
4333
5716
6386
7258
2117
437
8238
7080
6462
8323
9099
2222
4117
9568
2236
2485
4151
9490
6047
2565
7366
435
1977
1028
2127
7443
6662
2722
6544
4365
1114
2871
7509
4302
4384
8959
1224
6815
1051
4902
9271
6866
6993
7212
899
9984
6716
4799
5322
6234
2402
3288
9822
6954
8253
5971
7815
3037
9486
5458
792
9141
9308
9753
8260
7870
9415
7627
9586
8606
5361
5518
620
5888
6804
2503
6416
9208
5300
516
2327
4215
9280
9236
6317
5993
8615
2554
9094
3451
2084
7394
8678
1913
7260
577
8235
3144
1421
538
3693
3337
8544
1673
4156
9545
453
36
39
3451
24
9827
2552
6673
1672
2468
5536
8543
4980
8466
6779
9396
3943
8777
4251
9207
358
3055
3046
7336
3263
9219
2044
1120
2411
7915
7180
7433
4035
8189
490
1746
824
7190
3312
3408
732
261
3191
1346
6610
9722
7738
9115
6856
1587
3355
716
739
6046
4552
2835
3060
4713
3657
1418
5970
542
1740
6975
4047
1799
184
2946
3699
607
7926
670
2686
4678
6264
1488
3950
159
7456
7317
4657
8981
3227
1131
6076
5994
38
9926
7265
3518
2741
9028
8113
1978
7413
5655
489
5442
9015
1055
4243
2712
1461
2335
6950
501
2857
9627
818
6852
2979
3254
3131
5211
1760
3870
1576
9692
8958
8495
3227
2200
3666
4231
2761
2911
2569
8556
8082
9898
6073
9401
1038
9748
8305
5686
3708
2422
3401
9427
1829
4211
2251
6351
5106
1870
4483
1818
8418
1649
2525
5882
269
5144
3479
7644
623
833
2314
125
4676
1622
2963
342
2398
1521
8321
1400
349
4147
4846
9861
2648
3947
9606
734
8859
1312
9963
7626
2013
786
6491
4792
6722
9348
5307
61
1778
6823
1819
514
8302
3499
990
9436
1478
2695
9523
3666
9155
2114
8337
9436
4505
4095
9044
7912
4852
4602
4329
8389
311
4387
5118
2424
4988
3296
3015
4458
4356
8442
5469
8223
840
7162
2753
6311
6871
3387
3902
7486
4378
2902
8711
9877
2289
4324
8758
8787
4754
8774
1741
1177
2889
745
3055
1693
6430
6203
9906
385
3451
5452
4016
8830
6818
8768
8924
7396
1587
862
2100
3901
2859
431
5503
1619
9014
9524
8199
4277
7208
6044
4484
3737
8987
5874
9859
4874
3368
3966
596
6362
5963
465
634
6246
7343
5106
5531
9757
2462
8753
1019
7246
925
1193
5008
358
1393
9384
8699
9533
8174
1818
1896
8065
9721
9166
1321
4464
6458
7962
8951
6355
3531
4429
2208
1674
7314
2858
9727
6060
5007
8663
4812
1119
9988
946
4191
3286
2261
7385
1469
6062
7048
3477
9947
4756
7017
8883
8500
2679
7317
742
4610
6682
7905
3143
8297
8170
6567
3896
5463
7982
1086
3338
6756
8082
8759
1050
6419
9131
4987
3122
1866
9842
8189
1892
873
3288
5654
6771
9674
1842
399
9414
9091
6736
9284
6698
4774
9077
8836
6348
536
7289
8698
3309
2064
8682
4791
7095
4006
5636
7181
7422
9677
5913
9497
6848
3059
8038
3584
2461
9208
7345
2037
7092
3292
7538
9422
3042
5432
2042
3465
8562
1931
5827
1782
8466
2604
4434
2567
4063
1541
3309
1079
3042
7106
1424
2457
3537
1948
8464
5759
2410
9434
8063
9052
4841
1637
2547
2188
748
2621
9387
706
5286
2095
4392
6288
9385
1697
3251
2777
3575
6230
4994
2823
1779
7317
8590
8241
6264
6691
4325
9143
5500
9306
1259
7832
5518
1496
2245
6891
2850
2117
7251
9880
9076
1327
9524
3422
2705
5145
2622
4531
1882
9487
1497
3082
519
7189
125
2632
879
3361
9449
6087
6576
4716
8924
3004
9491
2355
3799
2203
5460
7914
3778
5729
3778
7015
6326
7841
9491
1686
7731
5722
3534
121
6827
3270
9296
1029
3129
4826
8967
321
2919
5068
4826
9834
3233
8775
2934
3098
7320
7051
3507
9816
438
151
6022
5103
4271
2614
4531
4065
1086
9389
7797
5184
1607
6654
8443
5982
6391
6209
4632
5683
9103
9526
9530
6081
3296
7140
673
949
5838
8822
7388
1111
6490
1887
3288
8737
147
618
3302
6198
5626
804
287
3606
5070
2526
11
2941
4457
9531
8837
604
6872
3620
2688
6216
777
8438
1954
2340
9979
3042
6780
3850
5929
3043
2970
9453
7380
7083
9398
6526
7410
5587
7035
9636
7244
9577
1290
4515
2722
5061
3385
3919
3922
5813
9577
3194
3280
5945
1568
4458
7913
2768
6291
5247
4601
2816
8820
2469
3547
552
9138
8069
994
7525
8025
5762
9752
8896
350
6506
9142
1094
8581
2475
1225
5833
77
3741
1933
2126
5341
138
2505
3311
7497
4928
5557
9165
4500
1795
5463
7735
2237
6636
7415
9359
1721
71
6085
9482
1978
6193
9057
1024
1907
3960
3597
5150
6993
6100
3411
8873
7636
1922
1865
4613
4696
9578
2066
1630
7180
6132
1159
3300
6199
2569
1117
5106
7201
1353
7514
4388
8189
3468
8372
787
9343
3694
1518
2374
6542
3750
7947
6042
8455
6092
2632
2027
8308
6182
6181
5887
7857
3733
1007
2657
3057
9506
4594
6595
3479
8236
201
4201
6594
3660
905
7514
3694
3341
3580
5898
1919
3014
3783
2260
411
100
255
2868
6205
2953
1484
3694
5947
4423
3381
5528
4638
6345
9605
5229
3688
9898
7012
7579
5291
2521
2086
1865
2550
6532
8596
6035
4517
7996
9610
523
8271
6013
6027
4043
1420
8414
6866
9533
4839
8290
137
358
7899
7805
1054
1820
180
2021
5470
826
2234
3494
3658
1876
1414
2054
5063
6904
4418
9505
3931
8145
7034
341
5357
9543
6678
7572
5357
2726
9932
8600
593
9072
8349
1920
4845
1263
7151
5275
8934
7725
4752
1961
9615
2222
6993
6185
5877
894
2128
9970
6397
2437
4805
3810
1907
6169
2515
1164
1572
9182
9518
9734
9017
8086
3491
1804
7826
4610
9401
7410
4555
4349
2059
2099
2574
5790
1161
177
8432
3230
8300
4973
2470
263
819
3428
699
7800
2588
5549
4915
7404
2337
5468
8365
52
8275
2551
7159
5583
9804
1316
7857
3251
2932
2397
1526
3879
5756
5120
8517
8849
6383
9944
9422
4855
8948
5629
4990
4939
5504
8899
5261
8477
6384
8963
6122
1199
8844
2947
900
5907
8695
3892
5362
4196
5566
7970
3049
6953
673
4881
5120
5304
892
7707
2167
4563
6482
2992
8348
8686
3660
9410
9352
2614
5503
8754
384
4649
1236
6263
7631
8269
1857
9466
7505
4534
5627
8289
4381
2992
4002
1924
9256
8457
4760
363
362
8218
8156
812
216
3839
7806
9978
9696
7701
8895
379
914
1069
5189
6137
8032
6054
8103
9001
4344
7360
1802
6501
6863
1246
4173
1227
5991
6692
2882
6119
3168
5294
9580
283
1584
101
3813
9309
9776
7527
6758
9825
7116
8906
590
9091
6393
9029
8963
7589
2029
5476
9669
7323
1651
4706
8703
465
9969
1981
9124
3143
390
7829
5133
4467
4351
9957
7665
7360
8344
9858
855
8789
9191
6277
2382
675
7534
5625
9164
7129
8259
314
5756
7528
3693
4593
2169
4667
3288
1215
6814
9343
3652
5938
9181
947
5967
1284
8147
874
1613
457
8433
2054
4433
3944
1421
1735
8130
6696
2867
4857
3700
8374
1912
2390
5787
2932
3666
1525
2642
9429
9932
3847
2101
7036
2614
6529
3635
7417
9614
2194
3802
3529
1990
7887
9693
2563
1349
2524
2210
969
2594
8112
214
4490
7669
9568
3235
4670
268
2158
3136
8501
9441
5665
8587
3532
4598
9484
9364
5460
1492
6088
5484
2240
3491
5562
7024
1865
4642
8224
1679
8074
7930
7879
4234
4942
8552
6214
207
3519
8136
2665
2234
1386
2472
7523
5840
1226
986
4941
9951
3831
2604
5972
7730
8118
1472
3579
2032
2964
8057
8180
9718
5925
5219
6331
5829
7099
4914
7917
2804
5896
2524
6297
8938
1921
3724
9228
4186
1049
849
8083
7757
2394
7612
4778
8110
7220
1122
4348
7391
6867
3007
2051
487
1264
5276
3126
7758
5138
5399
2574
3200
3585
4214
8363
5121
4810
7882
5096
2359
8017
2984
5426
9266
325
5244
3240
4560
1136
4808
606
8066
8040
6565
9909
5180
5396
4806
1923
5587
4045
5744
693
4359
7046
2493
6814
572
5092
3941
4963
7396
4150
4560
1797
1128
5231
5142
87
4923
1450
1967
8986
9497
4
4334
3180
1669
1970
630
5786
8990
6838
147
4817
3891
1620
2449
2108
4321
9007
1710
3388
8963
7209
8557
7463
275
8980
5796
4997
5784
7522
7219
6306
1281
6628
5831
7545
4689
5854
8442
175
7547
7546
9520
4605
1158
7919
3629
6093
1018
7789
2014
3069
1870
3663
832
9216
8863
1788
9196
3940
2785
6967
3467
6159
8054
6534
2492
1709
1605
2949
1944
8054
678
5434
8799
1651
1775
8260
8251
9509
9870
5997
1951
2620
2020
1671
2286
1374
9507
1237
3700
368
2658
2283
8142
4003
3403
4413
6632
333
3333
5892
2178
3701
2079
2270
6127
3850
8743
1737
7723
7466
4092
5022
1945
321
162
1955
6644
2099
9267
8829
5646
107
8665
3679
5238
2096
1081
850
8337
2683
3213
5587
1158
2991
600
5259
223
6582
6981
8202
7438
8651
31
3526
8313
8991
6084
5235
7406
366
9638
7539
5750
6240
6851
6388
4000
4290
4824
5577
3883
9691
8660
2098
3697
4893
9066
4708
8572
5598
7971
6674
8835
8571
8155
8278
48
7622
910
4330
9609
9997
98
6366
6934
7558
9897
6001
5215
982
4789
6349
5869
1466
1445
5653
8949
9682
6401
3963
2095
8045
6409
2139
9601
1373
1237
8172
3029
8647
874
4317
3927
8767
5527
9950
865
9719
384
4550
1283
6338
9455
5839
9468
7959
7438
4328
9534
6658
404
6222
7860
2558
2143
3578
6290
4615
2675
235
8284
3664
2870
8740
8950
3342
4285
8288
9063
894
3989
3165
4025
2429
1136
2962
3505
4383
4656
8633
2471
8666
395
9709
4196
2932
5315
9178
8220
685
7537
3933
1085
3418
1933
9536
2242
8757
8001
2901
5909
5620
4579
5517
3152
8868
4720
9659
1640
4885
6530
86
2530
3732
5593
2190
155
740
8494
2850
5283
9431
2508
7645
4823
610
5107
8813
2108
4174
363
889
8054
4092
1839
8296
3015
7338
9763
1180
2226
9883
6692
9861
861
5731
4182
6472
8569
9260
8998
7934
9144
7438
5501
6777
4429
1014
2142
7730
8351
9951
1521
7812
4363
4920
5838
3261
5553
238
4495
7105
5438
3469
6804
4035
1400
8675
3881
5841
5442
3328
6471
3421
1611
890
9875
4944
4566
707
453
1989
341
8794
6389
7930
4598
5346
8477
4588
306
6346
6205
2573
6644
5274
6962
2106
6705
5541
5198
8486
3830
7707
2112
4013
44
3731
9215
5699
3016
6649
7990
3711
8003
7462
4796
9862
5652
8374
9744
3271
1408
3616
2566
9024
5925
3266
4913
7015
1984
2015
2835
3846
7387
3412
9870
316
4586
1676
9836
7330
3541
5157
7499
7356
5711
2202
3756
2184
7781
9315
4727
4618
995
275
1604
3277
4260
9229
1028
5753
661
9111
8314
5950
4083
802
2443
6740
8676
4365
792
4806
5433
4222
5665
4774
3248
9128
8776
7414
3936
4297
4358
7983
5081
4891
9670
1038
6383
1740
566
9156
658
343
2308
1740
7968
444
5839
9545
1526
4140
7670
9725
296
7743
1932
86
2108
2608
6783
1741
8804
8424
311
4350
5626
9891
4394
4406
4675
5355
4540
9044
367
525
633
1571
8333
1919
974
6805
5226
2661
1612
196
4873
2647
37
6075
3138
9255
1344
6150
5120
4645
83
6656
5805
2348
680
6133
6352
3879
3634
827
6057
1111
3694
1028
3055
5368
5298
5539
8515
3453
2476
9702
9538
7076
8199
9826
5023
2124
8023
5920
5605
7839
987
6155
9877
1137
6911
8879
106
6886
4961
2534
4221
5905
2972
6614
5163
9819
9637
3786
8860
2443
8964
6842
9982
4484
48
2143
1249
4828
5488
3033
161
2710
762
9501
965
7392
930
8557
5324
1125
8899
5974
7814
979
4251
9514
9503
2624
7377
9958
5748
1818
9698
9421
8829
5511
6763
633
2386
6973
2481
7326
2158
9446
9056
9854
4842
1502
8281
8133
2575
2227
6553
9115
506
1918
9444
6809
8105
6769
2679
4379
8650
4526
4375
4546
8824
1280
6321
4942
9959
6173
6808
4733
1195
2540
5612
6590
3830
1649
2537
8893
3888
7101
7132
4335
1546
3545
4160
5018
887
8925
1785
3957
3253
4908
5955
8603
7484
2288
4360
3291
5682
2960
5532
8333
2081
1891
6316
5621
4034
1004
5219
3718
5921
430
9178
1164
8700
9793
3795
8663
5098
5382
342
7816
7185
5882
759
727
7401
3937
8112
2135
158
4341
1120
5092
7709
1583
7188
258
1630
4941
5029
2164
3730
6108
1661
5667
1737
1752
2177
4759
8727
6585
7442
3294
3812
2519
266
2330
294
89
5
9946
1273
1307
2843
4763
3262
5885
3717
3548
3688
887
3675
5749
1972
8601
2156
9785
3064
3503
9745
7232
7730
3645
8100
8469
5994
1151
9523
4505
7246
8210
2165
311
7378
4080
1495
2834
6001
4217
4129
2699
4007
8549
7866
616
8514
6744
528
8333
129
9859
8924
3612
9665
760
6767
9805
5892
4722
4189
7031
1197
5408
3186
3826
2336
6522
423
3293
8984
4152
7282
5802
1449
3430
9425
2140
5749
3512
6214
670
8407
7832
1171
6414
6300
9723
5944
9911
2319
4447
2965
5660
452
7551
552
5812
169
8751
4612
389
5323
9429
2961
1612
4874
6510
1326
1373
8990
528
4149
9296
1363
7724
8908
7179
3746
8925
261
5146
6874
4693
8236
60
142
4667
4016
1856
8154
2728
6425
4778
2161
111
8963
4550
9575
5852
450
7296
4096
506
7252
4061
3423
9826
693
8611
2863
7640
8529
9576
8366
3364
2056
1230
8633
3448
9634
4198
5425
1583
6235
1735
1323
4214
6399
7295
5071
148
3611
6991
1723
8220
7176
1127
8755
8542
3005
9834
4770
4803
185
4015
225
6016
8313
5585
6065
2461
165
5014
3843
2158
7279
1644
8160
6044
4275
8525
4694
2592
7248
421
9085
5026
169
6109
5923
2130
5952
7488
8447
1307
1798
9970
4585
1630
6524
1829
4110
270
5660
68
3575
1846
8729
1967
4193
7023
9352
8978
8091
7505
9258
3116
9974
3920
427
3758
7418
9685
2789
9641
4661
3816
9163
6751
7428
7491
9370
4428
2927
8518
8672
2352
8700
1847
1538
4197
4887
2197
5596
8988
1959
2252
4714
3881
9074
2753
5739
7532
443
6977
1505
562
7188
9322
4517
9908
7302
6649
2812
3380
667
1659
2292
1186
4204
9640
1174
5534
7403
225
9101
6096
2465
9795
1120
8671
4549
6724
420
5416
9541
1721
3484
5397
519
7266
7789
3442
28
4244
1676
9451
9720
8416
3451
6139
124
8326
1393
9963
657
185
3890
2998
9168
452
9986
1527
8266
9192
3781
2824
8383
5459
3898
7999
4014
8746
4146
4574
9085
2520
5667
5734
1071
6176
4138
1261
8931
8605
5711
3139
6807
3695
9920
1456
720
7478
9091
428
702
2077
2136
9681
889
9735
5740
2681
7747
1301
5953
5255
5672
8941
97
8765
8851
6126
5859
5470
1989
8794
652
7898
8281
4218
48
6879
9655
3088
509
7274
3792
1478
2292
5346
411
9819
6084
4649
5434
8581
7185
6815
7812
1269
5309
2977
786
6685
5276
3502
7261
5655
1723
7568
4163
2399
3676
8371
8000
9167
3797
5074
8154
9415
311
9463
9343
7245
7195
7136
7877
9724
1483
6934
9840
858
1991
9271
3222
9980
1703
7382
3871
2897
2371
3825
5250
1444
2550
3455
1706
2230
36
4741
9236
8442
4798
6595
8191
4532
2567
4797
383
3344
3162
3639
7920
5799
2281
984
4680
696
3872
6422
6583
9788
482
5176
3165
5839
5972
6499
5251
4072
7629
2912
1960
9227
6316
4060
8126
1689
7876
3596
863
5468
9518
8694
5479
111
1919
5000
7227
2209
8557
9947
8805
5296
7919
4152
8065
2489
9698
5956
9776
1068
7767
1648
8734
1979
9663
9685
1737
3486
1082
3667
26
2368
1150
2566
1772
7986
1188
7175
9724
1553
2186
3222
9364
9318
8682
1277
965
5932
3103
5540
5496
4514
8358
6195
7902
4187
4537
7011
6467
9880
4992
2683
7313
1878
6749
6060
9447
8453
8548
518
8622
7354
2584
7801
2538
9058
3966
4077
5246
6158
613
3167
9968
3450
8076
3467
2607
7928
4455
6753
6972
8117
3671
2140
9117
7810
4271
9303
7838
2561
7678
5035
7241
5660
3880
7046
8398
6130
4475
5140
1058
9399
861
4561
3830
7009
6010
1187
9079
3254
3893
1155
3893
3713
7217
179
2833
7133
9808
6123
8139
9075
3949
4280
9780
6102
4990
5222
8089
2914
2976
605
3871
2087
2228
5182
3087
3017
5726
8869
9019
7745
3268
1480
4332
7404
931
3018
3891
115
7526
620
9351
1873
7165
9033
104
143
5977
9072
1747
1337
2358
6664
7412
7156
6929
9008
6995
4101
7123
9942
4862
6048
3431
938
7695
1776
2910
1098
7236
6928
1416
7240
8652
7915
9555
2606
8656
4462
3508
5277
2418
9443
1911
8741
4752
5471
2972
6134
5804
5468
9760
8029
6071
6807
3615
2965
7468
1464
5650
3100
3087
4757
9177
5415
1274
4749
456
2567
2869
1117
1095
1399
2802
9588
1031
7169
6509
3405
6199
8484
1508
3701
6317
4472
9764
8056
464
4609
7305
4328
8285
9600
4416
2131
2502
615
5773
8097
4692
8290
55
4220
2311
8941
4900
2280
4476
3426
9562
7574
1547
8438
5854
1715
4258
4391
7910
9699
2346
9129
1692
5686
225
4097
2409
5834
4947
4229
1006
605
4910
9607
7708
8970
5807
9917
9463
552
8458
1210
5639
3770
9533
3460
922
4458
6115
3014
2155
9360
5621
8160
1109
1367
1820
8077
7401
8295
9366
3544
7911
9939
6466
3920
7133
2201
9668
214
59
4825
5875
7315
1204
6221
4477
1327
7204
3277
7170
961
377
9354
5902
525
5534
3176
6684
8857
5990
7517
3825
8954
2403
6738
