998
997
997
996
988
985
982
981
979
976
976
974
973
971
970
966
965
959
958
955
954
950
945
945
943
942
941
940
940
940
925
925
923
920
916
916
913
911
910
910
908
907
906
905
897
893
892
890
888
884
883
878
876
875
874
873
873
872
871
870
869
865
864
861
858
856
856
852
851
850
848
843
842
836
836
836
836
834
834
833
833
831
830
826
826
825
823
820
816
816
813
813
813
813
813
811
811
809
808
807
806
805
802
799
799
797
794
794
794
794
794
790
787
785
785
784
769
769
768
768
767
767
762
761
757
756
755
750
743
743
742
742
740
739
738
737
732
727
723
721
720
716
714
713
713
712
712
712
710
709
707
699
697
695
695
693
691
691
691
690
688
687
686
681
679
678
678
677
677
676
675
672
667
663
663
662
659
658
656
656
654
651
650
648
646
644
639
639
639
636
635
635
634
634
634
624
623
618
617
612
611
610
608
608
606
603
603
599
598
596
593
591
590
590
589
583
583
582
581
580
578
577
576
575
575
572
570
564
562
559
558
556
554
554
554
553
551
550
549
547
543
543
542
537
532
531
528
527
522
520
517
516
514
513
512
510
508
508
502
502
498
493
491
491
490
489
488
484
477
475
469
464
463
462
461
459
458
454
448
442
439
439
433
429
428
424
423
420
415
414
414
414
409
409
406
403
400
394
391
391
390
390
388
388
382
382
377
377
373
372
371
370
369
368
367
366
365
365
364
362
361
360
357
356
356
356
354
345
337
335
331
324
323
322
321
319
316
316
315
312
306
303
302
301
299
293
288
288
284
283
281
277
275
273
272
271
269
269
265
261
261
260
258
250
247
246
246
246
244
243
243
243
242
241
241
240
237
236
236
235
234
232
230
224
223
221
219
218
218
215
214
213
209
208
202
200
199
196
195
189
178
175
163
162
161
160
160
157
157
156
152
151
150
145
143
143
139
138
137
137
137
136
135
134
133
133
133
131
130
125
120
119
119
118
118
114
112
111
111
108
108
107
104
104
104
102
100
94
91
84
83
82
80
79
75
75
72
69
65
63
63
62
57
57
55
54
50
48
48
48
47
46
45
44
43
41
36
33
30
27
25
25
25
24
24
23
22
21
17
15
15
14
13
10
9
8
6
6
5
2
