9997
9995
9992
9988
9986
9984
9982
9980
9979
9979
9979
9979
9978
9974
9970
9970
9969
9968
9965
9964
9963
9963
9963
9959
9958
9958
9957
9951
9951
9950
9950
9947
9947
9946
9944
9942
9942
9941
9940
9939
9939
9936
9932
9932
9928
9926
9925
9923
9920
9918
9917
9911
9909
9908
9906
9903
9898
9898
9898
9897
9897
9893
9891
9884
9883
9882
9880
9880
9877
9877
9875
9870
9870
9866
9862
9861
9861
9860
9859
9859
9858
9854
9854
9850
9849
9848
9842
9841
9840
9839
9836
9834
9834
9834
9828
9827
9826
9826
9826
9825
9822
9819
9819
9818
9816
9811
9808
9805
9805
9804
9803
9800
9799
9798
9795
9793
9791
9791
9788
9785
9780
9780
9776
9776
9773
9769
9764
9763
9760
9760
9757
9757
9753
9753
9752
9752
9751
9751
9750
9748
9745
9745
9744
9742
9742
9742
9741
9740
9737
9736
9735
9734
9727
9725
9724
9724
9723
9722
9721
9720
9720
9719
9718
9709
9707
9702
9701
9699
9698
9698
9696
9694
9693
9692
9691
9687
9686
9685
9685
9682
9681
9678
9677
9677
9674
9674
9670
9670
9669
9668
9665
9664
9663
9661
9660
9659
9655
9655
9645
9644
9641
9641
9640
9639
9638
9637
9636
9634
9628
9627
9624
9623
9621
9615
9614
9614
9614
9612
9610
9609
9609
9608
9607
9606
9605
9602
9601
9600
9600
9598
9596
9595
9595
9594
9594
9592
9590
9589
9588
9586
9584
9580
9580
9578
9577
9577
9577
9576
9576
9575
9570
9568
9568
9566
9565
9562
9558
9558
9555
9550
9548
9546
9545
9545
9545
9543
9542
9541
9541
9538
9536
9534
9533
9533
9533
9531
9530
9526
9524
9524
9523
9523
9520
9518
9518
9514
9513
9509
9507
9506
9505
9505
9503
9501
9497
9497
9492
9491
9491
9490
9490
9487
9486
9484
9482
9480
9479
9471
9468
9467
9466
9463
9463
9460
9455
9453
9452
9451
9449
9447
9446
9444
9443
9441
9436
9436
9434
9431
9429
9429
9427
9427
9425
9422
9422
9421
9415
9415
9415
9414
9410
9401
9401
9399
9399
9398
9396
9395
9391
9389
9387
9385
9385
9384
9370
9370
9369
9366
9364
9364
9363
9360
9359
9358
9354
9352
9352
9351
9351
9348
9343
9343
9343
9343
9340
9331
9325
9324
9322
9322
9322
9318
9315
9315
9309
9308
9306
9305
9304
9304
9303
9298
9296
9296
9286
9284
9280
9280
9278
9276
9273
9271
9271
9271
9267
9266
9260
9259
9258
9257
9256
9255
9254
9252
9240
9236
9236
9236
9231
9229
9229
9228
9228
9227
9224
9220
9219
9218
9216
9215
9214
9214
9210
9208
9208
9207
9199
9198
9197
9197
9196
9194
9193
9192
9191
9182
9181
9178
9178
9177
9173
9168
9167
9166
9166
9165
9164
9163
9159
9156
9156
9155
9154
9153
9145
9144
9143
9142
9141
9141
9141
9139
9138
9131
9129
9129
9128
9127
9124
9122
9117
9117
9115
9115
9111
9106
9103
9101
9101
9100
9099
9094
9091
9091
9091
9088
9085
9085
9085
9079
9079
9077
9076
9075
9074
9073
9072
9072
9070
9070
9066
9066
9064
9063
9063
9058
9057
9057
9056
9052
9052
9044
9044
9042
9033
9032
9031
9030
9029
9028
9024
9019
9017
9015
9014
9012
9008
9007
9002
9001
8998
8996
8991
8990
8990
8990
8988
8987
8986
8985
8984
8981
8980
8978
8978
8976
8976
8970
8970
8968
8968
8967
8966
8964
8963
8963
8963
8963
8959
8958
8956
8954
8951
8950
8949
8948
8948
8941
8941
8941
8938
8934
8931
8930
8930
8925
8925
8924
8924
8924
8921
8920
8918
8911
8908
8906
8903
8899
8899
8899
8896
8896
8895
8893
8891
8883
8883
8880
8879
8873
8872
8869
8869
8868
8868
8867
8865
8863
8860
8859
8857
8851
8849
8844
8843
8841
8838
8837
8837
8836
8835
8835
8832
8830
8829
8829
8827
8826
8824
8822
8821
8820
8819
8815
8813
8810
8806
8805
8804
8804
8803
8799
8796
8794
8794
8790
8789
8787
8787
8785
8783
8780
8777
8776
8775
8774
8772
8772
8771
8768
8768
8767
8765
8760
8759
8758
8758
8757
8755
8754
8753
8751
8750
8746
8745
8744
8743
8741
8740
8740
8738
8737
8737
8734
8734
8734
8733
8729
8727
8725
8724
8718
8711
8709
8703
8700
8700
8699
8698
8695
8694
8694
8687
8686
8686
8684
8683
8682
8682
8678
8676
8675
8674
8672
8671
8666
8665
8663
8663
8662
8660
8660
8656
8656
8652
8652
8651
8650
8649
8648
8647
8646
8638
8633
8633
8623
8622
8619
8616
8615
8613
8611
8609
8606
8605
8604
8603
8603
8601
8600
8596
8594
8594
8590
8589
8588
8587
8583
8581
8581
8574
8572
8572
8571
8569
8562
8561
8559
8557
8557
8557
8556
8552
8549
8548
8548
8544
8544
8543
8542
8534
8532
8532
8529
8529
8525
8524
8518
8517
8517
8517
8515
8514
8512
8508
8506
8501
8500
8496
8495
8494
8492
8489
8486
8484
8484
8478
8477
8477
8473
8469
8467
8466
8466
8464
8464
8463
8459
8458
8458
8457
8457
8455
8455
8453
8447
8443
8442
8442
8442
8441
8440
8438
8438
8434
8433
8432
8429
8428
8424
8424
8420
8418
8416
8414
8408
8407
8405
8404
8398
8395
8395
8393
8389
8383
8374
8374
8374
8372
8371
8367
8367
8366
8365
8365
8365
8363
8359
8358
8357
8357
8355
8351
8350
8350
8349
8349
8348
8347
8344
8342
8338
8337
8337
8333
8333
8333
8329
8326
8323
8321
8314
8313
8313
8313
8309
8308
8308
8308
8305
8302
8300
8297
8296
8295
8293
8293
8290
8290
8289
8289
8288
8288
8285
8284
8281
8281
8280
8278
8275
8274
8273
8272
8271
8269
8266
8260
8260
8259
8253
8253
8251
8249
8247
8241
8239
8238
8238
8236
8236
8235
8235
8233
8224
8223
8221
8220
8220
8218
8210
8202
8199
8199
8191
8189
8189
8189
8189
8186
8186
8185
8180
8174
8174
8172
8172
8172
8171
8170
8163
8160
8160
8160
8158
8156
8156
8155
8154
8154
8147
8147
8146
8145
8142
8140
8139
8136
8134
8133
8130
8130
8126
8124
8121
8118
8117
8117
8114
8113
8112
8112
8112
8112
8110
8105
8103
8100
8097
8095
8095
8095
8091
8089
8086
8083
8082
8082
8082
8078
8077
8077
8076
8074
8072
8069
8066
8065
8065
8064
8063
8063
8057
8056
8054
8054
8054
8052
8049
8045
8040
8040
8039
8038
8034
8032
8029
8026
8025
8023
8021
8021
8017
8016
8008
8008
8003
8001
8000
7999
7996
7993
7992
7990
7986
7986
7986
7985
7984
7983
7982
7971
7970
7969
7968
7962
7959
7956
7955
7949
7947
7944
7941
7939
7937
7934
7932
7930
7930
7930
7928
7926
7924
7924
7920
7919
7919
7917
7915
7915
7914
7913
7912
7911
7910
7907
7907
7905
7903
7902
7902
7899
7898
7896
7890
7888
7887
7886
7882
7882
7879
7879
7879
7877
7876
7876
7870
7868
7866
7866
7863
7860
7857
7857
7851
7851
7841
7840
7839
7838
7836
7833
7833
7832
7832
7829
7829
7826
7825
7816
7815
7814
7812
7812
7810
7810
7809
7808
7806
7805
7801
7800
7797
7797
7796
7792
7789
7789
7783
7782
7781
7777
7776
7776
7773
7772
7771
7768
7767
7767
7761
7758
7757
7751
7748
7748
7747
7746
7745
7743
7741
7738
7737
7735
7733
7732
7731
7730
7730
7730
7727
7725
7724
7723
7712
7709
7708
7708
7708
7707
7707
7701
7701
7699
7695
7688
7688
7681
7678
7670
7670
7669
7667
7665
7665
7660
7658
7653
7649
7648
7645
7644
7642
7640
7640
7636
7632
7631
7629
7627
7626
7622
7612
7599
7598
7596
7595
7595
7594
7592
7589
7588
7579
7578
7577
7574
7572
7572
7569
7568
7568
7567
7562
7560
7558
7551
7551
7550
7549
7547
7546
7545
7539
7538
7537
7534
7532
7531
7528
7527
7527
7526
7525
7524
7523
7522
7517
7514
7514
7514
7509
7505
7505
7501
7500
7499
7497
7497
7496
7493
7491
7489
7488
7488
7486
7484
7484
7478
7475
7473
7472
7469
7468
7466
7463
7462
7462
7462
7462
7456
7453
7443
7442
7438
7438
7438
7437
7433
7429
7428
7424
7422
7418
7417
7415
7414
7413
7413
7412
7412
7411
7411
7410
7410
7406
7404
7404
7403
7401
7401
7396
7396
7394
7394
7393
7392
7391
7388
7387
7385
7384
7382
7380
7378
7377
7377
7376
7375
7366
7365
7360
7360
7356
7354
7347
7345
7343
7341
7338
7338
7336
7334
7333
7330
7330
7329
7327
7326
7323
7320
7319
7317
7317
7317
7315
7314
7313
7305
7302
7296
7295
7289
7285
7282
7282
7279
7277
7274
7274
7266
7265
7262
7261
7260
7258
7258
7253
7252
7251
7248
7246
7246
7246
7245
7245
7244
7243
7241
7240
7236
7232
7227
7220
7219
7217
7213
7213
7212
7210
7209
7208
7204
7203
7202
7201
7199
7199
7195
7193
7190
7189
7188
7188
7186
7185
7185
7183
7181
7180
7180
7179
7176
7175
7170
7170
7169
7166
7165
7162
7159
7157
7156
7151
7146
7140
7136
7134
7133
7133
7132
7129
7123
7119
7116
7106
7105
7102
7101
7099
7095
7092
7086
7083
7080
7076
7067
7058
7051
7050
7048
7046
7046
7040
7036
7035
7035
7034
7033
7033
7031
7028
7027
7024
7023
7021
7017
7015
7015
7012
7011
7009
7002
7000
6997
6995
6993
6993
6993
6992
6991
6991
6991
6987
6985
6981
6978
6977
6975
6975
6973
6972
6971
6967
6964
6964
6962
6962
6957
6954
6953
6951
6950
6935
6934
6934
6929
6928
6927
6927
6923
6918
6918
6918
6915
6913
6911
6910
6908
6904
6902
6899
6897
6891
6886
6882
6880
6879
6878
6874
6872
6871
6867
6866
6866
6863
6860
6859
6856
6852
6851
6848
6842
6841
6838
6827
6823
6823
6818
6817
6816
6815
6815
6814
6814
6809
6808
6807
6807
6805
6804
6804
6801
6801
6795
6783
6780
6779
6777
6771
6769
6767
6766
6764
6763
6763
6758
6756
6753
6751
6751
6749
6744
6740
6738
6736
6730
6724
6722
6719
6716
6714
6705
6698
6697
6696
6692
6692
6691
6690
6689
6685
6685
6684
6683
6682
6682
6681
6678
6674
6673
6665
6664
6662
6658
6656
6654
6649
6649
6644
6644
6644
6637
6636
6636
6632
6631
6628
6622
6620
6619
6614
6610
6597
6596
6595
6595
6594
6591
6591
6590
6585
6583
6582
6582
6578
6576
6576
6576
6567
6565
6564
6563
6561
6553
6544
6543
6542
6534
6532
6530
6529
6529
6526
6524
6522
6516
6513
6513
6512
6510
6509
6508
6506
6501
6499
6496
6491
6490
6482
6482
6481
6475
6472
6471
6470
6467
6466
6462
6458
6444
6435
6431
6430
6427
6425
6423
6422
6419
6416
6414
6414
6412
6412
6411
6409
6404
6401
6399
6399
6397
6397
6395
6393
6391
6389
6388
6386
6384
6383
6383
6367
6366
6365
6362
6362
6357
6355
6352
6351
6349
6348
6346
6345
6339
6338
6338
6335
6334
6331
6329
6326
6321
6318
6317
6317
6316
6316
6313
6311
6306
6306
6303
6300
6299
6297
6296
6294
6291
6290
6290
6288
6285
6280
6279
6277
6269
6264
6264
6263
6256
6253
6253
6247
6246
6240
6237
6235
6235
6234
6233
6230
6227
6224
6222
6222
6221
6216
6216
6215
6214
6214
6213
6209
6206
6205
6205
6203
6203
6199
6199
6198
6195
6195
6193
6190
6185
6184
6182
6181
6176
6173
6169
6168
6163
6159
6158
6157
6155
6155
6155
6150
6150
6146
6146
6143
6142
6139
6137
6137
6134
6133
6133
6133
6132
6130
6127
6126
6123
6123
6122
6119
6115
6111
6109
6108
6108
6102
6101
6100
6096
6094
6093
6092
6091
6091
6088
6087
6086
6086
6085
6084
6084
6083
6083
6082
6081
6079
6076
6075
6074
6073
6071
6071
6065
6064
6062
6060
6060
6060
6059
6059
6058
6058
6057
6054
6050
6048
6047
6046
6045
6044
6044
6042
6042
6039
6037
6035
6035
6027
6022
6021
6018
6017
6016
6013
6012
6010
6004
6001
6001
6000
5997
5994
5994
5993
5991
5990
5987
5987
5984
5982
5979
5978
5977
5974
5972
5972
5971
5970
5969
5967
5963
5963
5961
5958
5956
5955
5954
5953
5952
5951
5950
5948
5947
5945
5945
5944
5938
5938
5937
5935
5932
5932
5932
5929
5926
5925
5925
5925
5923
5921
5920
5916
5916
5915
5913
5909
5907
5907
5905
5902
5898
5896
5892
5892
5888
5887
5885
5882
5882
5880
5880
5879
5877
5875
5874
5872
5870
5869
5862
5862
5859
5858
5856
5854
5854
5854
5852
5851
5841
5841
5840
5839
5839
5839
5838
5838
5834
5833
5833
5831
5829
5829
5827
5815
5813
5812
5810
5808
5807
5807
5805
5804
5803
5802
5802
5799
5796
5794
5794
5790
5788
5787
5786
5784
5784
5783
5779
5778
5776
5776
5773
5772
5768
5767
5764
5762
5761
5759
5757
5756
5756
5754
5753
5750
5750
5750
5750
5749
5749
5749
5748
5748
5747
5744
5743
5740
5740
5739
5739
5738
5737
5737
5734
5734
5733
5732
5731
5729
5726
5726
5725
5724
5722
5720
5717
5716
5716
5711
5711
5707
5699
5699
5694
5689
5687
5686
5686
5683
5682
5682
5677
5676
5674
5672
5667
5667
5666
5665
5665
5665
5662
5662
5660
5660
5660
5655
5655
5654
5653
5652
5650
5646
5642
5641
5639
5636
5634
5631
5630
5629
5627
5626
5626
5625
5625
5623
5621
5621
5620
5612
5612
5605
5603
5600
5598
5598
5596
5596
5593
5587
5587
5587
5587
5585
5583
5578
5577
5574
5572
5571
5568
5566
5562
5562
5562
5561
5560
5557
5553
5549
5541
5540
5539
5539
5539
5538
5537
5536
5534
5534
5532
5531
5530
5529
5528
5527
5524
5523
5521
5518
5518
5518
5517
5511
5508
5504
5503
5503
5501
5500
5496
5488
5488
5487
5484
5483
5481
5480
5479
5479
5479
5476
5476
5475
5471
5471
5470
5470
5469
5468
5468
5468
5463
5463
5460
5460
5459
5458
5454
5454
5452
5450
5442
5442
5442
5442
5440
5438
5435
5434
5434
5433
5433
5433
5432
5430
5429
5426
5425
5424
5423
5423
5416
5415
5410
5408
5406
5399
5398
5397
5396
5385
5382
5379
5377
5368
5368
5365
5362
5361
5360
5357
5357
5356
5356
5355
5352
5346
5346
5344
5341
5338
5325
5324
5323
5322
5322
5322
5321
5318
5315
5309
5309
5307
5304
5303
5300
5298
5296
5296
5294
5294
5291
5289
5286
5283
5281
5278
5277
5276
5276
5275
5274
5261
5261
5260
5259
5257
5257
5255
5251
5251
5250
5250
5247
5246
5244
5242
5238
5236
5235
5231
5231
5229
5226
5222
5222
5219
5219
5218
5215
5213
5211
5211
5202
5198
5198
5197
5192
5189
5184
5182
5181
5180
5176
5166
5165
5163
5157
5157
5156
5156
5156
5150
5146
5145
5144
5144
5142
5140
5138
5134
5134
5133
5122
5121
5120
5120
5120
5120
5118
5107
5106
5106
5106
5103
5098
5098
5097
5096
5092
5092
5088
5081
5074
5071
5070
5068
5067
5063
5061
5060
5055
5043
5035
5029
5026
5023
5022
5018
5014
5012
5010
5008
5008
5007
5001
5000
4997
4994
4992
4992
4990
4990
4990
4989
4989
4988
4987
4980
4980
4979
4978
4973
4972
4970
4963
4961
4961
4958
4948
4947
4945
4945
4944
4942
4942
4941
4941
4939
4938
4928
4926
4923
4920
4917
4917
4916
4915
4914
4913
4912
4910
4908
4908
4905
4902
4902
4900
4893
4891
4887
4886
4885
4885
4884
4881
4876
4876
4874
4874
4873
4873
4862
4857
4856
4855
4852
4851
4847
4846
4845
4842
4841
4839
4837
4828
4826
4826
4825
4824
4823
4817
4817
4815
4812
4810
4808
4806
4806
4805
4804
4803
4799
4799
4798
4797
4796
4792
4791
4789
4785
4778
4778
4778
4777
4775
4774
4774
4770
4763
4761
4760
4759
4757
4756
4754
4753
4752
4752
4749
4744
4743
4741
4733
4729
4729
4727
4727
4723
4722
4721
4720
4717
4716
4714
4713
4708
4706
4703
4702
4700
4698
4696
4694
4693
4693
4692
4689
4684
4682
4680
4680
4679
4678
4678
4678
4676
4675
4670
4669
4667
4667
4662
4661
4661
4660
4657
4657
4656
4656
4653
4652
4651
4649
4649
4648
4645
4644
4644
4642
4638
4637
4637
4632
4624
4620
4618
4617
4615
4613
4612
4612
4610
4610
4609
4605
4604
4602
4602
4602
4601
4598
4598
4597
4596
4596
4594
4593
4590
4588
4586
4585
4582
4580
4579
4576
4574
4568
4568
4566
4563
4561
4560
4560
4560
4555
4554
4552
4552
4550
4550
4550
4549
4546
4543
4540
4540
4537
4534
4532
4531
4531
4526
4519
4517
4517
4515
4514
4514
4513
4505
4505
4500
4500
4497
4495
4490
4485
4484
4484
4483
4480
4479
4477
4476
4475
4472
4472
4467
4467
4464
4462
4460
4459
4458
4458
4458
4458
4457
4457
4455
4450
4447
4444
4440
4435
4434
4433
4429
4429
4428
4427
4423
4419
4418
4416
4415
4413
4406
4401
4397
4394
4392
4391
4391
4389
4389
4389
4388
4387
4384
4383
4381
4381
4380
4379
4378
4378
4377
4375
4370
4368
4366
4365
4365
4363
4360
4359
4358
4358
4357
4356
4356
4354
4351
4350
4349
4348
4347
4344
4341
4339
4339
4335
4334
4334
4334
4333
4332
4330
4329
4328
4328
4328
4326
4326
4325
4325
4324
4321
4317
4317
4314
4310
4302
4301
4301
4297
4295
4295
4290
4285
4280
4277
4275
4274
4272
4271
4271
4269
4266
4260
4258
4258
4251
4251
4249
4247
4244
4244
4243
4240
4234
4233
4231
4229
4228
4227
4222
4221
4220
4218
4217
4216
4215
4215
4214
4214
4212
4211
4204
4202
4201
4200
4198
4197
4197
4196
4196
4194
4193
4191
4189
4189
4188
4187
4186
4182
4176
4174
4174
4173
4165
4163
4161
4160
4156
4152
4152
4152
4152
4151
4150
4149
4149
4148
4147
4147
4146
4140
4138
4136
4136
4133
4129
4128
4120
4120
4117
4110
4107
4102
4101
4100
4100
4097
4096
4095
4095
4093
4092
4092
4088
4087
4083
4080
4079
4077
4077
4072
4069
4065
4063
4061
4060
4055
4051
4049
4047
4045
4043
4038
4035
4035
4034
4034
4030
4026
4025
4021
4020
4017
4016
4016
4016
4015
4014
4013
4012
4011
4007
4006
4003
4003
4002
4002
4000
4000
4000
4000
3994
3989
3989
3989
3986
3975
3968
3966
3966
3963
3960
3958
3957
3950
3949
3947
3947
3944
3943
3943
3943
3941
3941
3941
3940
3939
3937
3936
3934
3933
3933
3932
3931
3927
3924
3922
3920
3920
3920
3919
3915
3914
3910
3907
3902
3901
3898
3896
3896
3895
3893
3893
3893
3892
3891
3891
3890
3888
3884
3883
3881
3881
3880
3879
3879
3877
3872
3871
3871
3871
3870
3850
3850
3849
3849
3848
3847
3846
3846
3843
3839
3838
3831
3831
3830
3830
3830
3827
3826
3825
3825
3819
3816
3813
3813
3812
3810
3809
3802
3799
3797
3795
3793
3792
3786
3783
3783
3782
3781
3781
3778
3778
3778
3773
3772
3770
3766
3766
3758
3756
3752
3750
3749
3746
3741
3741
3737
3733
3733
3732
3731
3730
3724
3724
3723
3718
3717
3713
3713
3711
3708
3704
3701
3701
3700
3700
3699
3699
3697
3695
3694
3694
3694
3694
3693
3693
3688
3688
3683
3682
3682
3681
3679
3676
3675
3671
3669
3667
3666
3666
3666
3666
3664
3663
3660
3660
3658
3657
3656
3652
3647
3645
3643
3641
3639
3635
3634
3634
3632
3631
3629
3623
3620
3620
3616
3615
3615
3615
3614
3612
3611
3610
3606
3597
3596
3593
3593
3585
3584
3582
3580
3579
3579
3578
3575
3575
3571
3569
3568
3562
3559
3553
3551
3550
3550
3548
3547
3545
3545
3544
3541
3540
3537
3534
3534
3532
3531
3529
3527
3526
3522
3519
3518
3512
3512
3508
3507
3505
3504
3503
3502
3500
3499
3494
3492
3491
3491
3491
3486
3484
3481
3479
3479
3479
3477
3469
3468
3467
3467
3465
3464
3460
3459
3455
3453
3451
3451
3451
3451
3450
3448
3442
3442
3431
3430
3428
3426
3423
3422
3421
3419
3418
3416
3412
3411
3411
3409
3408
3405
3403
3401
3401
3397
3389
3389
3388
3388
3387
3385
3381
3380
3377
3372
3372
3368
3364
3361
3355
3351
3345
3344
3342
3341
3338
3337
3337
3333
3333
3329
3328
3326
3324
3312
3311
3309
3309
3307
3307
3304
3302
3300
3300
3296
3296
3294
3293
3292
3291
3288
3288
3288
3288
3286
3286
3281
3280
3278
3277
3277
3271
3270
3268
3266
3264
3263
3262
3261
3260
3257
3254
3254
3253
3251
3251
3251
3248
3246
3243
3243
3242
3240
3235
3233
3233
3232
3231
3230
3227
3227
3222
3222
3221
3213
3213
3207
3205
3201
3200
3200
3194
3191
3186
3181
3180
3176
3168
3167
3165
3165
3165
3165
3163
3162
3162
3155
3155
3152
3151
3150
3145
3145
3144
3143
3143
3142
3139
3138
3136
3131
3129
3128
3127
3126
3122
3116
3116
3115
3104
3103
3101
3100
3098
3097
3088
3087
3087
3087
3082
3078
3076
3074
3072
3070
3070
3069
3064
3060
3060
3059
3057
3055
3055
3055
3055
3049
3046
3043
3042
3042
3042
3042
3040
3039
3039
3037
3036
3036
3033
3032
3031
3029
3024
3018
3018
3017
3016
3016
3015
3015
3014
3014
3007
3007
3005
3004
3003
3003
3001
2998
2995
2992
2992
2991
2991
2991
2984
2979
2977
2976
2976
2972
2972
2970
2965
2965
2964
2964
2963
2962
2961
2960
2959
2953
2949
2947
2946
2946
2942
2941
2938
2934
2932
2932
2932
2930
2927
2919
2914
2913
2912
2911
2910
2906
2902
2901
2897
2895
2892
2889
2889
2889
2882
2882
2880
2871
2870
2869
2868
2867
2863
2860
2859
2858
2858
2857
2853
2853
2850
2850
2848
2845
2843
2835
2835
2834
2833
2830
2828
2824
2823
2818
2816
2816
2812
2811
2804
2802
2801
2798
2796
2791
2790
2789
2788
2785
2777
2769
2768
2766
2761
2760
2759
2758
2757
2753
2753
2751
2749
2748
2745
2742
2742
2741
2739
2738
2731
2728
2728
2728
2726
2722
2722
2718
2712
2712
2711
2710
2707
2705
2703
2700
2699
2696
2695
2688
2686
2683
2683
2682
2681
2680
2679
2679
2675
2675
2673
2670
2669
2668
2665
2661
2658
2657
2657
2655
2653
2648
2648
2647
2647
2645
2642
2637
2632
2632
2626
2624
2622
2621
2620
2620
2617
2614
2614
2614
2614
2610
2610
2608
2608
2607
2606
2604
2604
2594
2592
2590
2588
2584
2575
2574
2574
2573
2570
2569
2569
2567
2567
2567
2566
2566
2566
2565
2563
2563
2561
2561
2558
2558
2554
2552
2551
2550
2550
2547
2544
2540
2538
2537
2535
2534
2532
2530
2529
2526
2525
2525
2524
2524
2521
2520
2519
2515
2515
2510
2510
2508
2505
2503
2502
2500
2498
2493
2492
2491
2489
2485
2481
2480
2476
2475
2472
2471
2470
2470
2469
2468
2465
2462
2461
2461
2457
2451
2449
2448
2445
2445
2443
2443
2441
2439
2437
2429
2426
2424
2422
2418
2413
2411
2410
2409
2408
2403
2402
2400
2399
2398
2397
2396
2394
2390
2390
2389
2386
2382
2374
2373
2371
2368
2364
2359
2358
2355
2352
2351
2348
2346
2340
2337
2336
2336
2335
2334
2330
2329
2327
2319
2314
2313
2312
2311
2310
2308
2306
2304
2298
2298
2297
2292
2292
2289
2288
2286
2285
2283
2281
2280
2272
2270
2264
2261
2261
2260
2256
2254
2252
2251
2251
2248
2247
2245
2245
2242
2241
2240
2238
2237
2236
2236
2234
2234
2230
2230
2228
2227
2227
2226
2222
2222
2216
2210
2209
2208
2203
2202
2201
2200
2199
2197
2194
2190
2189
2188
2187
2186
2184
2180
2178
2177
2176
2169
2167
2165
2164
2161
2158
2158
2158
2156
2155
2155
2143
2143
2142
2140
2140
2139
2137
2136
2135
2132
2131
2130
2130
2130
2128
2127
2126
2124
2118
2117
2117
2114
2112
2108
2108
2108
2108
2108
2107
2106
2103
2101
2100
2099
2099
2099
2098
2098
2096
2095
2095
2088
2087
2086
2084
2081
2081
2080
2079
2077
2071
2066
2064
2064
2063
2062
2061
2059
2057
2056
2055
2054
2054
2051
2046
2044
2042
2039
2037
2036
2032
2029
2027
2024
2021
2020
2018
2015
2015
2014
2013
2001
1996
1991
1990
1990
1989
1989
1984
1981
1979
1978
1978
1978
1977
1976
1973
1972
1970
1967
1967
1964
1962
1961
1960
1959
1955
1954
1951
1948
1946
1945
1945
1944
1944
1942
1938
1933
1933
1933
1932
1931
1928
1924
1923
1922
1921
1920
1919
1919
1919
1918
1918
1913
1913
1912
1911
1908
1907
1907
1897
1896
1895
1895
1892
1891
1891
1887
1882
1880
1878
1878
1877
1876
1873
1870
1870
1866
1865
1865
1865
1857
1856
1856
1847
1847
1847
1846
1846
1843
1842
1839
1833
1829
1829
1826
1824
1820
1820
1819
1818
1818
1818
1814
1808
1804
1804
1802
1799
1798
1797
1795
1790
1790
1788
1788
1785
1784
1783
1782
1780
1780
1779
1778
1778
1778
1776
1776
1775
1772
1765
1764
1764
1764
1761
1761
1760
1759
1753
1752
1750
1747
1746
1746
1744
1743
1741
1741
1740
1740
1740
1740
1737
1737
1737
1737
1736
1735
1735
1731
1728
1727
1726
1725
1723
1723
1721
1721
1719
1715
1712
1710
1709
1709
1706
1706
1703
1698
1697
1693
1692
1690
1689
1686
1680
1680
1679
1676
1676
1675
1674
1673
1672
1671
1669
1668
1665
1663
1661
1659
1658
1658
1654
1651
1651
1651
1649
1649
1649
1648
1646
1644
1640
1637
1630
1630
1630
1622
1620
1619
1616
1613
1612
1612
1612
1611
1607
1605
1604
1597
1593
1591
1587
1587
1584
1584
1583
1583
1582
1577
1576
1572
1571
1568
1554
1553
1551
1547
1546
1545
1541
1541
1540
1538
1538
1531
1527
1526
1526
1525
1524
1524
1521
1521
1521
1520
1518
1518
1516
1508
1505
1502
1497
1496
1495
1492
1488
1484
1483
1482
1480
1480
1478
1478
1477
1472
1470
1469
1466
1464
1461
1458
1457
1456
1450
1449
1446
1445
1444
1440
1433
1425
1424
1422
1421
1421
1420
1418
1416
1414
1408
1407
1401
1400
1400
1399
1396
1393
1393
1391
1387
1386
1380
1379
1377
1374
1374
1373
1373
1372
1367
1367
1367
1363
1359
1355
1355
1354
1353
1351
1349
1348
1348
1347
1346
1344
1338
1337
1334
1328
1328
1327
1327
1326
1326
1325
1323
1321
1316
1316
1312
1307
1307
1303
1301
1298
1290
1286
1284
1283
1281
1280
1277
1274
1273
1269
1269
1265
1264
1263
1262
1261
1259
1255
1253
1249
1246
1242
1239
1239
1237
1237
1236
1233
1230
1227
1226
1225
1225
1224
1216
1215
1215
1215
1210
1204
1199
1198
1197
1197
1197
1195
1193
1193
1193
1188
1187
1186
1180
1177
1174
1171
1171
1164
1164
1161
1159
1158
1158
1155
1153
1151
1150
1143
1141
1137
1136
1136
1131
1128
1127
1126
1125
1125
1125
1122
1120
1120
1120
1119
1118
1117
1117
1114
1114
1114
1113
1111
1111
1111
1110
1109
1109
1104
1102
1099
1098
1095
1094
1086
1086
1086
1085
1082
1082
1081
1080
1080
1079
1077
1075
1071
1069
1069
1068
1067
1064
1058
1055
1054
1051
1050
1049
1045
1044
1038
1038
1034
1032
1031
1029
1028
1028
1028
1024
1019
1018
1014
1010
1009
1007
1006
1006
1004
1002
1000
998
996
995
995
994
994
990
987
986
985
984
983
982
979
974
969
969
965
965
965
961
961
959
951
950
949
947
946
943
938
938
933
932
931
930
925
924
922
917
916
914
914
913
910
907
905
905
900
900
899
896
894
894
892
890
889
889
887
887
887
887
884
883
880
879
879
875
874
874
873
872
867
866
865
865
864
863
862
861
861
858
855
855
850
849
840
833
832
832
832
831
828
827
826
824
823
819
819
818
812
810
804
802
801
792
792
792
787
786
786
783
781
780
777
762
760
759
750
748
746
745
743
742
740
740
739
734
732
731
731
727
724
721
720
720
716
715
715
709
707
706
702
699
696
693
693
685
680
678
675
673
673
671
670
670
670
667
663
661
660
658
657
652
651
650
650
648
648
648
644
641
638
634
634
633
633
630
630
629
627
623
620
620
618
616
615
615
613
613
610
610
607
607
606
605
605
605
604
603
600
596
595
593
591
590
590
585
584
581
577
572
571
566
566
565
564
562
558
552
552
552
543
542
541
538
537
536
536
528
528
525
525
525
523
522
521
519
519
518
516
515
514
512
509
506
506
503
501
491
490
489
489
487
486
485
482
482
479
478
478
465
465
464
464
460
457
456
453
453
452
452
450
445
444
443
438
437
436
435
435
431
430
430
428
427
423
421
420
418
411
411
411
409
404
399
395
390
389
387
385
384
384
383
379
377
376
376
371
368
367
366
364
363
363
362
358
358
358
355
355
350
349
344
343
343
342
342
341
341
333
328
325
324
322
321
321
320
317
316
314
311
311
311
311
306
299
297
296
296
294
293
287
283
275
275
275
270
269
268
268
266
264
263
263
261
261
258
258
256
255
239
239
238
236
235
225
225
225
223
217
216
215
214
214
212
210
207
204
201
201
196
189
185
185
184
180
179
177
175
175
169
169
169
168
165
162
161
159
158
158
157
155
151
148
147
147
143
142
142
138
137
136
129
127
125
125
124
123
121
120
116
115
115
114
113
112
111
111
111
108
107
106
104
101
100
98
97
91
91
89
89
87
86
86
83
83
79
77
71
71
68
65
63
61
60
60
60
59
58
55
55
52
48
48
48
48
48
47
47
46
44
39
38
38
37
36
36
31
30
30
28
26
24
22
21
19
19
11
5
4
1
0
