2
5
6
6
8
9
10
13
14
15
15
17
21
22
23
24
24
25
25
25
27
30
33
36
41
43
44
45
46
47
48
48
48
50
54
55
57
57
62
63
63
65
69
72
75
75
79
80
82
83
84
91
94
100
102
104
104
104
107
108
108
111
111
112
114
118
118
119
119
120
125
130
131
133
133
133
134
135
136
137
137
137
138
139
143
143
145
150
151
152
156
157
157
160
160
161
162
163
175
178
189
195
196
199
200
202
208
209
213
214
215
218
218
219
221
223
224
230
232
234
235
236
236
237
240
241
241
242
243
243
243
244
246
246
246
247
250
258
260
261
261
265
269
269
271
272
273
275
277
281
283
284
288
288
293
299
301
302
303
306
312
315
316
316
319
321
322
323
324
331
335
337
345
354
356
356
356
357
360
361
362
364
365
365
366
367
368
369
370
371
372
373
377
377
382
382
388
388
390
390
391
391
394
400
403
406
409
409
414
414
414
415
420
423
424
428
429
433
439
439
442
448
454
458
459
461
462
463
464
469
475
477
484
488
489
490
491
491
493
498
502
502
508
508
510
512
513
514
516
517
520
522
527
528
531
532
537
542
543
543
547
549
550
551
553
554
554
554
556
558
559
562
564
570
572
575
575
576
577
578
580
581
582
583
583
589
590
590
591
593
596
598
599
603
603
606
608
608
610
611
612
617
618
623
624
634
634
634
635
635
636
639
639
639
644
646
648
650
651
654
656
656
658
659
662
663
663
667
672
675
676
677
677
678
678
679
681
686
687
688
690
691
691
691
693
695
695
697
699
707
709
710
712
712
712
713
713
714
716
720
721
723
727
732
737
738
739
740
742
742
743
743
750
755
756
757
761
762
767
767
768
768
769
769
784
785
785
787
790
794
794
794
794
794
797
799
799
802
805
806
807
808
809
811
811
813
813
813
813
813
816
816
820
823
825
826
826
830
831
833
833
834
834
836
836
836
836
842
843
848
850
851
852
856
856
858
861
864
865
869
870
871
872
873
873
874
875
876
878
883
884
888
890
892
893
897
905
906
907
908
910
910
911
913
916
916
920
923
925
925
940
940
940
941
942
943
945
945
950
954
955
958
959
965
966
970
971
973
974
976
976
979
981
982
985
988
996
997
997
998
