0
1
4
5
11
19
19
21
22
24
26
28
30
30
31
36
36
37
38
38
39
44
46
47
47
48
48
48
48
48
52
55
55
58
59
60
60
60
61
63
65
68
71
71
77
79
83
83
86
86
87
89
89
91
91
97
98
100
101
104
106
107
108
111
111
111
112
113
114
115
115
116
120
121
123
124
125
125
127
129
136
137
138
142
142
143
147
147
148
151
155
157
158
158
159
161
162
165
168
169
169
169
175
175
177
179
180
184
185
185
189
196
201
201
204
207
210
212
214
214
215
216
217
223
225
225
225
235
236
238
239
239
255
256
258
258
261
261
263
263
264
266
268
268
269
270
275
275
275
283
287
293
294
296
296
297
299
306
311
311
311
311
314
316
317
320
321
321
322
324
325
328
333
341
341
342
342
343
343
344
349
350
355
355
358
358
358
362
363
363
364
366
367
368
371
376
376
377
379
383
384
384
385
387
389
390
395
399
404
409
411
411
411
418
420
421
423
427
428
430
430
431
435
435
436
437
438
443
444
445
450
452
452
453
453
456
457
460
464
464
465
465
478
478
479
482
482
485
486
487
489
489
490
491
501
503
506
506
509
512
514
515
516
518
519
519
521
522
523
525
525
525
528
528
536
536
537
538
541
542
543
552
552
552
558
562
564
565
566
566
571
572
577
581
584
585
590
590
591
593
595
596
600
603
604
605
605
605
606
607
607
610
610
613
613
615
615
616
618
620
620
623
627
629
630
630
633
633
634
634
638
641
644
648
648
648
650
650
651
652
657
658
660
661
663
667
670
670
670
671
673
673
675
678
680
685
693
693
696
699
702
706
707
709
715
715
716
720
720
721
724
727
731
731
732
734
739
740
740
742
743
745
746
748
750
759
760
762
777
780
781
783
786
786
787
792
792
792
801
802
804
810
812
818
819
819
823
824
826
827
828
831
832
832
832
833
840
849
850
855
855
858
861
861
862
863
864
865
865
866
867
872
873
874
874
875
879
879
880
883
884
887
887
887
887
889
889
890
892
894
894
896
899
900
900
905
905
907
910
913
914
914
916
917
922
924
925
930
931
932
933
938
938
943
946
947
949
950
951
959
961
961
965
965
965
969
969
974
979
982
983
984
985
986
987
990
994
994
995
995
996
998
1000
1002
1004
1006
1006
1007
1009
1010
1014
1018
1019
1024
1028
1028
1028
1029
1031
1032
1034
1038
1038
1044
1045
1049
1050
1051
1054
1055
1058
1064
1067
1068
1069
1069
1071
1075
1077
1079
1080
1080
1081
1082
1082
1085
1086
1086
1086
1094
1095
1098
1099
1102
1104
1109
1109
1110
1111
1111
1111
1113
1114
1114
1114
1117
1117
1118
1119
1120
1120
1120
1122
1125
1125
1125
1126
1127
1128
1131
1136
1136
1137
1141
1143
1150
1151
1153
1155
1158
1158
1159
1161
1164
1164
1171
1171
1174
1177
1180
1186
1187
1188
1193
1193
1193
1195
1197
1197
1197
1198
1199
1204
1210
1215
1215
1215
1216
1224
1225
1225
1226
1227
1230
1233
1236
1237
1237
1239
1239
1242
1246
1249
1253
1255
1259
1261
1262
1263
1264
1265
1269
1269
1273
1274
1277
1280
1281
1283
1284
1286
1290
1298
1301
1303
1307
1307
1312
1316
1316
1321
1323
1325
1326
1326
1327
1327
1328
1328
1334
1337
1338
1344
1346
1347
1348
1348
1349
1351
1353
1354
1355
1355
1359
1363
1367
1367
1367
1372
1373
1373
1374
1374
1377
1379
1380
1386
1387
1391
1393
1393
1396
1399
1400
1400
1401
1407
1408
1414
1416
1418
1420
1421
1421
1422
1424
1425
1433
1440
1444
1445
1446
1449
1450
1456
1457
1458
1461
1464
1466
1469
1470
1472
1477
1478
1478
1480
1480
1482
1483
1484
1488
1492
1495
1496
1497
1502
1505
1508
1516
1518
1518
1520
1521
1521
1521
1524
1524
1525
1526
1526
1527
1531
1538
1538
1540
1541
1541
1545
1546
1547
1551
1553
1554
1568
1571
1572
1576
1577
1582
1583
1583
1584
1584
1587
1587
1591
1593
1597
1604
1605
1607
1611
1612
1612
1612
1613
1616
1619
1620
1622
1630
1630
1630
1637
1640
1644
1646
1648
1649
1649
1649
1651
1651
1651
1654
1658
1658
1659
1661
1663
1665
1668
1669
1671
1672
1673
1674
1675
1676
1676
1679
1680
1680
1686
1689
1690
1692
1693
1697
1698
1703
1706
1706
1709
1709
1710
1712
1715
1719
1721
1721
1723
1723
1725
1726
1727
1728
1731
1735
1735
1736
1737
1737
1737
1737
1740
1740
1740
1740
1741
1741
1743
1744
1746
1746
1747
1750
1752
1753
1759
1760
1761
1761
1764
1764
1764
1765
1772
1775
1776
1776
1778
1778
1778
1779
1780
1780
1782
1783
1784
1785
1788
1788
1790
1790
1795
1797
1798
1799
1802
1804
1804
1808
1814
1818
1818
1818
1819
1820
1820
1824
1826
1829
1829
1833
1839
1842
1843
1846
1846
1847
1847
1847
1856
1856
1857
1865
1865
1865
1866
1870
1870
1873
1876
1877
1878
1878
1880
1882
1887
1891
1891
1892
1895
1895
1896
1897
1907
1907
1908
1911
1912
1913
1913
1918
1918
1919
1919
1919
1920
1921
1922
1923
1924
1928
1931
1932
1933
1933
1933
1938
1942
1944
1944
1945
1945
1946
1948
1951
1954
1955
1959
1960
1961
1962
1964
1967
1967
1970
1972
1973
1976
1977
1978
1978
1978
1979
1981
1984
1989
1989
1990
1990
1991
1996
2001
2013
2014
2015
2015
2018
2020
2021
2024
2027
2029
2032
2036
2037
2039
2042
2044
2046
2051
2054
2054
2055
2056
2057
2059
2061
2062
2063
2064
2064
2066
2071
2077
2079
2080
2081
2081
2084
2086
2087
2088
2095
2095
2096
2098
2098
2099
2099
2099
2100
2101
2103
2106
2107
2108
2108
2108
2108
2108
2112
2114
2117
2117
2118
2124
2126
2127
2128
2130
2130
2130
2131
2132
2135
2136
2137
2139
2140
2140
2142
2143
2143
2155
2155
2156
2158
2158
2158
2161
2164
2165
2167
2169
2176
2177
2178
2180
2184
2186
2187
2188
2189
2190
2194
2197
2199
2200
2201
2202
2203
2208
2209
2210
2216
2222
2222
2226
2227
2227
2228
2230
2230
2234
2234
2236
2236
2237
2238
2240
2241
2242
2245
2245
2247
2248
2251
2251
2252
2254
2256
2260
2261
2261
2264
2270
2272
2280
2281
2283
2285
2286
2288
2289
2292
2292
2297
2298
2298
2304
2306
2308
2310
2311
2312
2313
2314
2319
2327
2329
2330
2334
2335
2336
2336
2337
2340
2346
2348
2351
2352
2355
2358
2359
2364
2368
2371
2373
2374
2382
2386
2389
2390
2390
2394
2396
2397
2398
2399
2400
2402
2403
2408
2409
2410
2411
2413
2418
2422
2424
2426
2429
2437
2439
2441
2443
2443
2445
2445
2448
2449
2451
2457
2461
2461
2462
2465
2468
2469
2470
2470
2471
2472
2475
2476
2480
2481
2485
2489
2491
2492
2493
2498
2500
2502
2503
2505
2508
2510
2510
2515
2515
2519
2520
2521
2524
2524
2525
2525
2526
2529
2530
2532
2534
2535
2537
2538
2540
2544
2547
2550
2550
2551
2552
2554
2558
2558
2561
2561
2563
2563
2565
2566
2566
2566
2567
2567
2567
2569
2569
2570
2573
2574
2574
2575
2584
2588
2590
2592
2594
2604
2604
2606
2607
2608
2608
2610
2610
2614
2614
2614
2614
2617
2620
2620
2621
2622
2624
2626
2632
2632
2637
2642
2645
2647
2647
2648
2648
2653
2655
2657
2657
2658
2661
2665
2668
2669
2670
2673
2675
2675
2679
2679
2680
2681
2682
2683
2683
2686
2688
2695
2696
2699
2700
2703
2705
2707
2710
2711
2712
2712
2718
2722
2722
2726
2728
2728
2728
2731
2738
2739
2741
2742
2742
2745
2748
2749
2751
2753
2753
2757
2758
2759
2760
2761
2766
2768
2769
2777
2785
2788
2789
2790
2791
2796
2798
2801
2802
2804
2811
2812
2816
2816
2818
2823
2824
2828
2830
2833
2834
2835
2835
2843
2845
2848
2850
2850
2853
2853
2857
2858
2858
2859
2860
2863
2867
2868
2869
2870
2871
2880
2882
2882
2889
2889
2889
2892
2895
2897
2901
2902
2906
2910
2911
2912
2913
2914
2919
2927
2930
2932
2932
2932
2934
2938
2941
2942
2946
2946
2947
2949
2953
2959
2960
2961
2962
2963
2964
2964
2965
2965
2970
2972
2972
2976
2976
2977
2979
2984
2991
2991
2991
2992
2992
2995
2998
3001
3003
3003
3004
3005
3007
3007
3014
3014
3015
3015
3016
3016
3017
3018
3018
3024
3029
3031
3032
3033
3036
3036
3037
3039
3039
3040
3042
3042
3042
3042
3043
3046
3049
3055
3055
3055
3055
3057
3059
3060
3060
3064
3069
3070
3070
3072
3074
3076
3078
3082
3087
3087
3087
3088
3097
3098
3100
3101
3103
3104
3115
3116
3116
3122
3126
3127
3128
3129
3131
3136
3138
3139
3142
3143
3143
3144
3145
3145
3150
3151
3152
3155
3155
3162
3162
3163
3165
3165
3165
3165
3167
3168
3176
3180
3181
3186
3191
3194
3200
3200
3201
3205
3207
3213
3213
3221
3222
3222
3227
3227
3230
3231
3232
3233
3233
3235
3240
3242
3243
3243
3246
3248
3251
3251
3251
3253
3254
3254
3257
3260
3261
3262
3263
3264
3266
3268
3270
3271
3277
3277
3278
3280
3281
3286
3286
3288
3288
3288
3288
3291
3292
3293
3294
3296
3296
3300
3300
3302
3304
3307
3307
3309
3309
3311
3312
3324
3326
3328
3329
3333
3333
3337
3337
3338
3341
3342
3344
3345
3351
3355
3361
3364
3368
3372
3372
3377
3380
3381
3385
3387
3388
3388
3389
3389
3397
3401
3401
3403
3405
3408
3409
3411
3411
3412
3416
3418
3419
3421
3422
3423
3426
3428
3430
3431
3442
3442
3448
3450
3451
3451
3451
3451
3453
3455
3459
3460
3464
3465
3467
3467
3468
3469
3477
3479
3479
3479
3481
3484
3486
3491
3491
3491
3492
3494
3499
3500
3502
3503
3504
3505
3507
3508
3512
3512
3518
3519
3522
3526
3527
3529
3531
3532
3534
3534
3537
3540
3541
3544
3545
3545
3547
3548
3550
3550
3551
3553
3559
3562
3568
3569
3571
3575
3575
3578
3579
3579
3580
3582
3584
3585
3593
3593
3596
3597
3606
3610
3611
3612
3614
3615
3615
3615
3616
3620
3620
3623
3629
3631
3632
3634
3634
3635
3639
3641
3643
3645
3647
3652
3656
3657
3658
3660
3660
3663
3664
3666
3666
3666
3666
3667
3669
3671
3675
3676
3679
3681
3682
3682
3683
3688
3688
3693
3693
3694
3694
3694
3694
3695
3697
3699
3699
3700
3700
3701
3701
3704
3708
3711
3713
3713
3717
3718
3723
3724
3724
3730
3731
3732
3733
3733
3737
3741
3741
3746
3749
3750
3752
3756
3758
3766
3766
3770
3772
3773
3778
3778
3778
3781
3781
3782
3783
3783
3786
3792
3793
3795
3797
3799
3802
3809
3810
3812
3813
3813
3816
3819
3825
3825
3826
3827
3830
3830
3830
3831
3831
3838
3839
3843
3846
3846
3847
3848
3849
3849
3850
3850
3870
3871
3871
3871
3872
3877
3879
3879
3880
3881
3881
3883
3884
3888
3890
3891
3891
3892
3893
3893
3893
3895
3896
3896
3898
3901
3902
3907
3910
3914
3915
3919
3920
3920
3920
3922
3924
3927
3931
3932
3933
3933
3934
3936
3937
3939
3940
3941
3941
3941
3943
3943
3943
3944
3947
3947
3949
3950
3957
3958
3960
3963
3966
3966
3968
3975
3986
3989
3989
3989
3994
4000
4000
4000
4000
4002
4002
4003
4003
4006
4007
4011
4012
4013
4014
4015
4016
4016
4016
4017
4020
4021
4025
4026
4030
4034
4034
4035
4035
4038
4043
4045
4047
4049
4051
4055
4060
4061
4063
4065
4069
4072
4077
4077
4079
4080
4083
4087
4088
4092
4092
4093
4095
4095
4096
4097
4100
4100
4101
4102
4107
4110
4117
4120
4120
4128
4129
4133
4136
4136
4138
4140
4146
4147
4147
4148
4149
4149
4150
4151
4152
4152
4152
4152
4156
4160
4161
4163
4165
4173
4174
4174
4176
4182
4186
4187
4188
4189
4189
4191
4193
4194
4196
4196
4197
4197
4198
4200
4201
4202
4204
4211
4212
4214
4214
4215
4215
4216
4217
4218
4220
4221
4222
4227
4228
4229
4231
4233
4234
4240
4243
4244
4244
4247
4249
4251
4251
4258
4258
4260
4266
4269
4271
4271
4272
4274
4275
4277
4280
4285
4290
4295
4295
4297
4301
4301
4302
4310
4314
4317
4317
4321
4324
4325
4325
4326
4326
4328
4328
4328
4329
4330
4332
4333
4334
4334
4334
4335
4339
4339
4341
4344
4347
4348
4349
4350
4351
4354
4356
4356
4357
4358
4358
4359
4360
4363
4365
4365
4366
4368
4370
4375
4377
4378
4378
4379
4380
4381
4381
4383
4384
4387
4388
4389
4389
4389
4391
4391
4392
4394
4397
4401
4406
4413
4415
4416
4418
4419
4423
4427
4428
4429
4429
4433
4434
4435
4440
4444
4447
4450
4455
4457
4457
4458
4458
4458
4458
4459
4460
4462
4464
4467
4467
4472
4472
4475
4476
4477
4479
4480
4483
4484
4484
4485
4490
4495
4497
4500
4500
4505
4505
4513
4514
4514
4515
4517
4517
4519
4526
4531
4531
4532
4534
4537
4540
4540
4543
4546
4549
4550
4550
4550
4552
4552
4554
4555
4560
4560
4560
4561
4563
4566
4568
4568
4574
4576
4579
4580
4582
4585
4586
4588
4590
4593
4594
4596
4596
4597
4598
4598
4601
4602
4602
4602
4604
4605
4609
4610
4610
4612
4612
4613
4615
4617
4618
4620
4624
4632
4637
4637
4638
4642
4644
4644
4645
4648
4649
4649
4651
4652
4653
4656
4656
4657
4657
4660
4661
4661
4662
4667
4667
4669
4670
4675
4676
4678
4678
4678
4679
4680
4680
4682
4684
4689
4692
4693
4693
4694
4696
4698
4700
4702
4703
4706
4708
4713
4714
4716
4717
4720
4721
4722
4723
4727
4727
4729
4729
4733
4741
4743
4744
4749
4752
4752
4753
4754
4756
4757
4759
4760
4761
4763
4770
4774
4774
4775
4777
4778
4778
4778
4785
4789
4791
4792
4796
4797
4798
4799
4799
4803
4804
4805
4806
4806
4808
4810
4812
4815
4817
4817
4823
4824
4825
4826
4826
4828
4837
4839
4841
4842
4845
4846
4847
4851
4852
4855
4856
4857
4862
4873
4873
4874
4874
4876
4876
4881
4884
4885
4885
4886
4887
4891
4893
4900
4902
4902
4905
4908
4908
4910
4912
4913
4914
4915
4916
4917
4917
4920
4923
4926
4928
4938
4939
4941
4941
4942
4942
4944
4945
4945
4947
4948
4958
4961
4961
4963
4970
4972
4973
4978
4979
4980
4980
4987
4988
4989
4989
4990
4990
4990
4992
4992
4994
4997
5000
5001
5007
5008
5008
5010
5012
5014
5018
5022
5023
5026
5029
5035
5043
5055
5060
5061
5063
5067
5068
5070
5071
5074
5081
5088
5092
5092
5096
5097
5098
5098
5103
5106
5106
5106
5107
5118
5120
5120
5120
5120
5121
5122
5133
5134
5134
5138
5140
5142
5144
5144
5145
5146
5150
5156
5156
5156
5157
5157
5163
5165
5166
5176
5180
5181
5182
5184
5189
5192
5197
5198
5198
5202
5211
5211
5213
5215
5218
5219
5219
5222
5222
5226
5229
5231
5231
5235
5236
5238
5242
5244
5246
5247
5250
5250
5251
5251
5255
5257
5257
5259
5260
5261
5261
5274
5275
5276
5276
5277
5278
5281
5283
5286
5289
5291
5294
5294
5296
5296
5298
5300
5303
5304
5307
5309
5309
5315
5318
5321
5322
5322
5322
5323
5324
5325
5338
5341
5344
5346
5346
5352
5355
5356
5356
5357
5357
5360
5361
5362
5365
5368
5368
5377
5379
5382
5385
5396
5397
5398
5399
5406
5408
5410
5415
5416
5423
5423
5424
5425
5426
5429
5430
5432
5433
5433
5433
5434
5434
5435
5438
5440
5442
5442
5442
5442
5450
5452
5454
5454
5458
5459
5460
5460
5463
5463
5468
5468
5468
5469
5470
5470
5471
5471
5475
5476
5476
5479
5479
5479
5480
5481
5483
5484
5487
5488
5488
5496
5500
5501
5503
5503
5504
5508
5511
5517
5518
5518
5518
5521
5523
5524
5527
5528
5529
5530
5531
5532
5534
5534
5536
5537
5538
5539
5539
5539
5540
5541
5549
5553
5557
5560
5561
5562
5562
5562
5566
5568
5571
5572
5574
5577
5578
5583
5585
5587
5587
5587
5587
5593
5596
5596
5598
5598
5600
5603
5605
5612
5612
5620
5621
5621
5623
5625
5625
5626
5626
5627
5629
5630
5631
5634
5636
5639
5641
5642
5646
5650
5652
5653
5654
5655
5655
5660
5660
5660
5662
5662
5665
5665
5665
5666
5667
5667
5672
5674
5676
5677
5682
5682
5683
5686
5686
5687
5689
5694
5699
5699
5707
5711
5711
5716
5716
5717
5720
5722
5724
5725
5726
5726
5729
5731
5732
5733
5734
5734
5737
5737
5738
5739
5739
5740
5740
5743
5744
5747
5748
5748
5749
5749
5749
5750
5750
5750
5750
5753
5754
5756
5756
5757
5759
5761
5762
5764
5767
5768
5772
5773
5776
5776
5778
5779
5783
5784
5784
5786
5787
5788
5790
5794
5794
5796
5799
5802
5802
5803
5804
5805
5807
5807
5808
5810
5812
5813
5815
5827
5829
5829
5831
5833
5833
5834
5838
5838
5839
5839
5839
5840
5841
5841
5851
5852
5854
5854
5854
5856
5858
5859
5862
5862
5869
5870
5872
5874
5875
5877
5879
5880
5880
5882
5882
5885
5887
5888
5892
5892
5896
5898
5902
5905
5907
5907
5909
5913
5915
5916
5916
5920
5921
5923
5925
5925
5925
5926
5929
5932
5932
5932
5935
5937
5938
5938
5944
5945
5945
5947
5948
5950
5951
5952
5953
5954
5955
5956
5958
5961
5963
5963
5967
5969
5970
5971
5972
5972
5974
5977
5978
5979
5982
5984
5987
5987
5990
5991
5993
5994
5994
5997
6000
6001
6001
6004
6010
6012
6013
6016
6017
6018
6021
6022
6027
6035
6035
6037
6039
6042
6042
6044
6044
6045
6046
6047
6048
6050
6054
6057
6058
6058
6059
6059
6060
6060
6060
6062
6064
6065
6071
6071
6073
6074
6075
6076
6079
6081
6082
6083
6083
6084
6084
6085
6086
6086
6087
6088
6091
6091
6092
6093
6094
6096
6100
6101
6102
6108
6108
6109
6111
6115
6119
6122
6123
6123
6126
6127
6130
6132
6133
6133
6133
6134
6137
6137
6139
6142
6143
6146
6146
6150
6150
6155
6155
6155
6157
6158
6159
6163
6168
6169
6173
6176
6181
6182
6184
6185
6190
6193
6195
6195
6198
6199
6199
6203
6203
6205
6205
6206
6209
6213
6214
6214
6215
6216
6216
6221
6222
6222
6224
6227
6230
6233
6234
6235
6235
6237
6240
6246
6247
6253
6253
6256
6263
6264
6264
6269
6277
6279
6280
6285
6288
6290
6290
6291
6294
6296
6297
6299
6300
6303
6306
6306
6311
6313
6316
6316
6317
6317
6318
6321
6326
6329
6331
6334
6335
6338
6338
6339
6345
6346
6348
6349
6351
6352
6355
6357
6362
6362
6365
6366
6367
6383
6383
6384
6386
6388
6389
6391
6393
6395
6397
6397
6399
6399
6401
6404
6409
6411
6412
6412
6414
6414
6416
6419
6422
6423
6425
6427
6430
6431
6435
6444
6458
6462
6466
6467
6470
6471
6472
6475
6481
6482
6482
6490
6491
6496
6499
6501
6506
6508
6509
6510
6512
6513
6513
6516
6522
6524
6526
6529
6529
6530
6532
6534
6542
6543
6544
6553
6561
6563
6564
6565
6567
6576
6576
6576
6578
6582
6582
6583
6585
6590
6591
6591
6594
6595
6595
6596
6597
6610
6614
6619
6620
6622
6628
6631
6632
6636
6636
6637
6644
6644
6644
6649
6649
6654
6656
6658
6662
6664
6665
6673
6674
6678
6681
6682
6682
6683
6684
6685
6685
6689
6690
6691
6692
6692
6696
6697
6698
6705
6714
6716
6719
6722
6724
6730
6736
6738
6740
6744
6749
6751
6751
6753
6756
6758
6763
6763
6764
6766
6767
6769
6771
6777
6779
6780
6783
6795
6801
6801
6804
6804
6805
6807
6807
6808
6809
6814
6814
6815
6815
6816
6817
6818
6823
6823
6827
6838
6841
6842
6848
6851
6852
6856
6859
6860
6863
6866
6866
6867
6871
6872
6874
6878
6879
6880
6882
6886
6891
6897
6899
6902
6904
6908
6910
6911
6913
6915
6918
6918
6918
6923
6927
6927
6928
6929
6934
6934
6935
6950
6951
6953
6954
6957
6962
6962
6964
6964
6967
6971
6972
6973
6975
6975
6977
6978
6981
6985
6987
6991
6991
6991
6992
6993
6993
6993
6995
6997
7000
7002
7009
7011
7012
7015
7015
7017
7021
7023
7024
7027
7028
7031
7033
7033
7034
7035
7035
7036
7040
7046
7046
7048
7050
7051
7058
7067
7076
7080
7083
7086
7092
7095
7099
7101
7102
7105
7106
7116
7119
7123
7129
7132
7133
7133
7134
7136
7140
7146
7151
7156
7157
7159
7162
7165
7166
7169
7170
7170
7175
7176
7179
7180
7180
7181
7183
7185
7185
7186
7188
7188
7189
7190
7193
7195
7199
7199
7201
7202
7203
7204
7208
7209
7210
7212
7213
7213
7217
7219
7220
7227
7232
7236
7240
7241
7243
7244
7245
7245
7246
7246
7246
7248
7251
7252
7253
7258
7258
7260
7261
7262
7265
7266
7274
7274
7277
7279
7282
7282
7285
7289
7295
7296
7302
7305
7313
7314
7315
7317
7317
7317
7319
7320
7323
7326
7327
7329
7330
7330
7333
7334
7336
7338
7338
7341
7343
7345
7347
7354
7356
7360
7360
7365
7366
7375
7376
7377
7377
7378
7380
7382
7384
7385
7387
7388
7391
7392
7393
7394
7394
7396
7396
7401
7401
7403
7404
7404
7406
7410
7410
7411
7411
7412
7412
7413
7413
7414
7415
7417
7418
7422
7424
7428
7429
7433
7437
7438
7438
7438
7442
7443
7453
7456
7462
7462
7462
7462
7463
7466
7468
7469
7472
7473
7475
7478
7484
7484
7486
7488
7488
7489
7491
7493
7496
7497
7497
7499
7500
7501
7505
7505
7509
7514
7514
7514
7517
7522
7523
7524
7525
7526
7527
7527
7528
7531
7532
7534
7537
7538
7539
7545
7546
7547
7549
7550
7551
7551
7558
7560
7562
7567
7568
7568
7569
7572
7572
7574
7577
7578
7579
7588
7589
7592
7594
7595
7595
7596
7598
7599
7612
7622
7626
7627
7629
7631
7632
7636
7640
7640
7642
7644
7645
7648
7649
7653
7658
7660
7665
7665
7667
7669
7670
7670
7678
7681
7688
7688
7695
7699
7701
7701
7707
7707
7708
7708
7708
7709
7712
7723
7724
7725
7727
7730
7730
7730
7731
7732
7733
7735
7737
7738
7741
7743
7745
7746
7747
7748
7748
7751
7757
7758
7761
7767
7767
7768
7771
7772
7773
7776
7776
7777
7781
7782
7783
7789
7789
7792
7796
7797
7797
7800
7801
7805
7806
7808
7809
7810
7810
7812
7812
7814
7815
7816
7825
7826
7829
7829
7832
7832
7833
7833
7836
7838
7839
7840
7841
7851
7851
7857
7857
7860
7863
7866
7866
7868
7870
7876
7876
7877
7879
7879
7879
7882
7882
7886
7887
7888
7890
7896
7898
7899
7902
7902
7903
7905
7907
7907
7910
7911
7912
7913
7914
7915
7915
7917
7919
7919
7920
7924
7924
7926
7928
7930
7930
7930
7932
7934
7937
7939
7941
7944
7947
7949
7955
7956
7959
7962
7968
7969
7970
7971
7982
7983
7984
7985
7986
7986
7986
7990
7992
7993
7996
7999
8000
8001
8003
8008
8008
8016
8017
8021
8021
8023
8025
8026
8029
8032
8034
8038
8039
8040
8040
8045
8049
8052
8054
8054
8054
8056
8057
8063
8063
8064
8065
8065
8066
8069
8072
8074
8076
8077
8077
8078
8082
8082
8082
8083
8086
8089
8091
8095
8095
8095
8097
8100
8103
8105
8110
8112
8112
8112
8112
8113
8114
8117
8117
8118
8121
8124
8126
8130
8130
8133
8134
8136
8139
8140
8142
8145
8146
8147
8147
8154
8154
8155
8156
8156
8158
8160
8160
8160
8163
8170
8171
8172
8172
8172
8174
8174
8180
8185
8186
8186
8189
8189
8189
8189
8191
8199
8199
8202
8210
8218
8220
8220
8221
8223
8224
8233
8235
8235
8236
8236
8238
8238
8239
8241
8247
8249
8251
8253
8253
8259
8260
8260
8266
8269
8271
8272
8273
8274
8275
8278
8280
8281
8281
8284
8285
8288
8288
8289
8289
8290
8290
8293
8293
8295
8296
8297
8300
8302
8305
8308
8308
8308
8309
8313
8313
8313
8314
8321
8323
8326
8329
8333
8333
8333
8337
8337
8338
8342
8344
8347
8348
8349
8349
8350
8350
8351
8355
8357
8357
8358
8359
8363
8365
8365
8365
8366
8367
8367
8371
8372
8374
8374
8374
8383
8389
8393
8395
8395
8398
8404
8405
8407
8408
8414
8416
8418
8420
8424
8424
8428
8429
8432
8433
8434
8438
8438
8440
8441
8442
8442
8442
8443
8447
8453
8455
8455
8457
8457
8458
8458
8459
8463
8464
8464
8466
8466
8467
8469
8473
8477
8477
8478
8484
8484
8486
8489
8492
8494
8495
8496
8500
8501
8506
8508
8512
8514
8515
8517
8517
8517
8518
8524
8525
8529
8529
8532
8532
8534
8542
8543
8544
8544
8548
8548
8549
8552
8556
8557
8557
8557
8559
8561
8562
8569
8571
8572
8572
8574
8581
8581
8583
8587
8588
8589
8590
8594
8594
8596
8600
8601
8603
8603
8604
8605
8606
8609
8611
8613
8615
8616
8619
8622
8623
8633
8633
8638
8646
8647
8648
8649
8650
8651
8652
8652
8656
8656
8660
8660
8662
8663
8663
8665
8666
8671
8672
8674
8675
8676
8678
8682
8682
8683
8684
8686
8686
8687
8694
8694
8695
8698
8699
8700
8700
8703
8709
8711
8718
8724
8725
8727
8729
8733
8734
8734
8734
8737
8737
8738
8740
8740
8741
8743
8744
8745
8746
8750
8751
8753
8754
8755
8757
8758
8758
8759
8760
8765
8767
8768
8768
8771
8772
8772
8774
8775
8776
8777
8780
8783
8785
8787
8787
8789
8790
8794
8794
8796
8799
8803
8804
8804
8805
8806
8810
8813
8815
8819
8820
8821
8822
8824
8826
8827
8829
8829
8830
8832
8835
8835
8836
8837
8837
8838
8841
8843
8844
8849
8851
8857
8859
8860
8863
8865
8867
8868
8868
8869
8869
8872
8873
8879
8880
8883
8883
8891
8893
8895
8896
8896
8899
8899
8899
8903
8906
8908
8911
8918
8920
8921
8924
8924
8924
8925
8925
8930
8930
8931
8934
8938
8941
8941
8941
8948
8948
8949
8950
8951
8954
8956
8958
8959
8963
8963
8963
8963
8964
8966
8967
8968
8968
8970
8970
8976
8976
8978
8978
8980
8981
8984
8985
8986
8987
8988
8990
8990
8990
8991
8996
8998
9001
9002
9007
9008
9012
9014
9015
9017
9019
9024
9028
9029
9030
9031
9032
9033
9042
9044
9044
9052
9052
9056
9057
9057
9058
9063
9063
9064
9066
9066
9070
9070
9072
9072
9073
9074
9075
9076
9077
9079
9079
9085
9085
9085
9088
9091
9091
9091
9094
9099
9100
9101
9101
9103
9106
9111
9115
9115
9117
9117
9122
9124
9127
9128
9129
9129
9131
9138
9139
9141
9141
9141
9142
9143
9144
9145
9153
9154
9155
9156
9156
9159
9163
9164
9165
9166
9166
9167
9168
9173
9177
9178
9178
9181
9182
9191
9192
9193
9194
9196
9197
9197
9198
9199
9207
9208
9208
9210
9214
9214
9215
9216
9218
9219
9220
9224
9227
9228
9228
9229
9229
9231
9236
9236
9236
9240
9252
9254
9255
9256
9257
9258
9259
9260
9266
9267
9271
9271
9271
9273
9276
9278
9280
9280
9284
9286
9296
9296
9298
9303
9304
9304
9305
9306
9308
9309
9315
9315
9318
9322
9322
9322
9324
9325
9331
9340
9343
9343
9343
9343
9348
9351
9351
9352
9352
9354
9358
9359
9360
9363
9364
9364
9366
9369
9370
9370
9384
9385
9385
9387
9389
9391
9395
9396
9398
9399
9399
9401
9401
9410
9414
9415
9415
9415
9421
9422
9422
9425
9427
9427
9429
9429
9431
9434
9436
9436
9441
9443
9444
9446
9447
9449
9451
9452
9453
9455
9460
9463
9463
9466
9467
9468
9471
9479
9480
9482
9484
9486
9487
9490
9490
9491
9491
9492
9497
9497
9501
9503
9505
9505
9506
9507
9509
9513
9514
9518
9518
9520
9523
9523
9524
9524
9526
9530
9531
9533
9533
9533
9534
9536
9538
9541
9541
9542
9543
9545
9545
9545
9546
9548
9550
9555
9558
9558
9562
9565
9566
9568
9568
9570
9575
9576
9576
9577
9577
9577
9578
9580
9580
9584
9586
9588
9589
9590
9592
9594
9594
9595
9595
9596
9598
9600
9600
9601
9602
9605
9606
9607
9608
9609
9609
9610
9612
9614
9614
9614
9615
9621
9623
9624
9627
9628
9634
9636
9637
9638
9639
9640
9641
9641
9644
9645
9655
9655
9659
9660
9661
9663
9664
9665
9668
9669
9670
9670
9674
9674
9677
9677
9678
9681
9682
9685
9685
9686
9687
9691
9692
9693
9694
9696
9698
9698
9699
9701
9702
9707
9709
9718
9719
9720
9720
9721
9722
9723
9724
9724
9725
9727
9734
9735
9736
9737
9740
9741
9742
9742
9742
9744
9745
9745
9748
9750
9751
9751
9752
9752
9753
9753
9757
9757
9760
9760
9763
9764
9769
9773
9776
9776
9780
9780
9785
9788
9791
9791
9793
9795
9798
9799
9800
9803
9804
9805
9805
9808
9811
9816
9818
9819
9819
9822
9825
9826
9826
9826
9827
9828
9834
9834
9834
9836
9839
9840
9841
9842
9848
9849
9850
9854
9854
9858
9859
9859
9860
9861
9861
9862
9866
9870
9870
9875
9877
9877
9880
9880
9882
9883
9884
9891
9893
9897
9897
9898
9898
9898
9903
9906
9908
9909
9911
9917
9918
9920
9923
9925
9926
9928
9932
9932
9936
9939
9939
9940
9941
9942
9942
9944
9946
9947
9947
9950
9950
9951
9951
9957
9958
9958
9959
9963
9963
9963
9964
9965
9968
9969
9970
9970
9974
9978
9979
9979
9979
9979
9980
9982
9984
9986
9988
9992
9995
9997
